fold,score,n_sample,source,sub_name,best_params,feature_type,source_data,target_data,special,features T-7,features T-6,features T-5,features T-4,features T-3,features T-2,features T-1
0,0.74872731027014,893,same,1,"memory:None|steps:[('standardscaler', StandardScaler()), ('onevsrestclassifier', OneVsRestClassifier(estimator=CalibratedClassifierCV(base_estimator=LinearSVC(class_weight='balanced',
                                                                              loss='squared_epsilon_insensitive',
                                                                              max_iter=1000.0,
                                                                              random_state=12345),
                                                     cv=5),
                    n_jobs=1))]|verbose:False|standardscaler:StandardScaler()|onevsrestclassifier:OneVsRestClassifier(estimator=CalibratedClassifierCV(base_estimator=LinearSVC(class_weight='balanced',
                                                                              loss='squared_epsilon_insensitive',
                                                                              max_iter=1000.0,
                                                                              random_state=12345),
                                                     cv=5),
                    n_jobs=1)|standardscaler__copy:True|standardscaler__with_mean:True|standardscaler__with_std:True|onevsrestclassifier__estimator__base_estimator__C:1.0|onevsrestclassifier__estimator__base_estimator__class_weight:balanced|onevsrestclassifier__estimator__base_estimator__dual:True|onevsrestclassifier__estimator__base_estimator__fit_intercept:True|onevsrestclassifier__estimator__base_estimator__intercept_scaling:1|onevsrestclassifier__estimator__base_estimator__loss:squared_epsilon_insensitive|onevsrestclassifier__estimator__base_estimator__max_iter:1000.0|onevsrestclassifier__estimator__base_estimator__multi_class:ovr|onevsrestclassifier__estimator__base_estimator__penalty:l2|onevsrestclassifier__estimator__base_estimator__random_state:12345|onevsrestclassifier__estimator__base_estimator__tol:0.0001|onevsrestclassifier__estimator__base_estimator__verbose:0|onevsrestclassifier__estimator__base_estimator:LinearSVC(class_weight='balanced', loss='squared_epsilon_insensitive',
          max_iter=1000.0, random_state=12345)|onevsrestclassifier__estimator__cv:5|onevsrestclassifier__estimator__ensemble:True|onevsrestclassifier__estimator__method:sigmoid|onevsrestclassifier__estimator__n_jobs:None|onevsrestclassifier__estimator:CalibratedClassifierCV(base_estimator=LinearSVC(class_weight='balanced',
                                                loss='squared_epsilon_insensitive',
                                                max_iter=1000.0,
                                                random_state=12345),
                       cv=5)|onevsrestclassifier__n_jobs:1",confidence,Mixed,Mixed,1,0.02431674676842964,0.01683120951372226,0.02379667789600708,0.03006503160729627,0.02233415964361711,0.04604783197840883,0.09430014523832178
0,0.74872731027014,893,same,1,"memory:None|steps:[('standardscaler', StandardScaler()), ('onevsrestclassifier', OneVsRestClassifier(estimator=CalibratedClassifierCV(base_estimator=LinearSVC(class_weight='balanced',
                                                                              loss='squared_epsilon_insensitive',
                                                                              max_iter=1000.0,
                                                                              random_state=12345),
                                                     cv=5),
                    n_jobs=1))]|verbose:False|standardscaler:StandardScaler()|onevsrestclassifier:OneVsRestClassifier(estimator=CalibratedClassifierCV(base_estimator=LinearSVC(class_weight='balanced',
                                                                              loss='squared_epsilon_insensitive',
                                                                              max_iter=1000.0,
                                                                              random_state=12345),
                                                     cv=5),
                    n_jobs=1)|standardscaler__copy:True|standardscaler__with_mean:True|standardscaler__with_std:True|onevsrestclassifier__estimator__base_estimator__C:1.0|onevsrestclassifier__estimator__base_estimator__class_weight:balanced|onevsrestclassifier__estimator__base_estimator__dual:True|onevsrestclassifier__estimator__base_estimator__fit_intercept:True|onevsrestclassifier__estimator__base_estimator__intercept_scaling:1|onevsrestclassifier__estimator__base_estimator__loss:squared_epsilon_insensitive|onevsrestclassifier__estimator__base_estimator__max_iter:1000.0|onevsrestclassifier__estimator__base_estimator__multi_class:ovr|onevsrestclassifier__estimator__base_estimator__penalty:l2|onevsrestclassifier__estimator__base_estimator__random_state:12345|onevsrestclassifier__estimator__base_estimator__tol:0.0001|onevsrestclassifier__estimator__base_estimator__verbose:0|onevsrestclassifier__estimator__base_estimator:LinearSVC(class_weight='balanced', loss='squared_epsilon_insensitive',
          max_iter=1000.0, random_state=12345)|onevsrestclassifier__estimator__cv:5|onevsrestclassifier__estimator__ensemble:True|onevsrestclassifier__estimator__method:sigmoid|onevsrestclassifier__estimator__n_jobs:None|onevsrestclassifier__estimator:CalibratedClassifierCV(base_estimator=LinearSVC(class_weight='balanced',
                                                loss='squared_epsilon_insensitive',
                                                max_iter=1000.0,
                                                random_state=12345),
                       cv=5)|onevsrestclassifier__n_jobs:1",confidence,Mixed,Mixed,2,0.026248900032280822,0.017140802593255025,0.027928684322564474,0.03481931864368821,0.020930877774469437,0.05076164835547591,0.09831726092202654
0,0.74872731027014,893,same,1,"memory:None|steps:[('standardscaler', StandardScaler()), ('onevsrestclassifier', OneVsRestClassifier(estimator=CalibratedClassifierCV(base_estimator=LinearSVC(class_weight='balanced',
                                                                              loss='squared_epsilon_insensitive',
                                                                              max_iter=1000.0,
                                                                              random_state=12345),
                                                     cv=5),
                    n_jobs=1))]|verbose:False|standardscaler:StandardScaler()|onevsrestclassifier:OneVsRestClassifier(estimator=CalibratedClassifierCV(base_estimator=LinearSVC(class_weight='balanced',
                                                                              loss='squared_epsilon_insensitive',
                                                                              max_iter=1000.0,
                                                                              random_state=12345),
                                                     cv=5),
                    n_jobs=1)|standardscaler__copy:True|standardscaler__with_mean:True|standardscaler__with_std:True|onevsrestclassifier__estimator__base_estimator__C:1.0|onevsrestclassifier__estimator__base_estimator__class_weight:balanced|onevsrestclassifier__estimator__base_estimator__dual:True|onevsrestclassifier__estimator__base_estimator__fit_intercept:True|onevsrestclassifier__estimator__base_estimator__intercept_scaling:1|onevsrestclassifier__estimator__base_estimator__loss:squared_epsilon_insensitive|onevsrestclassifier__estimator__base_estimator__max_iter:1000.0|onevsrestclassifier__estimator__base_estimator__multi_class:ovr|onevsrestclassifier__estimator__base_estimator__penalty:l2|onevsrestclassifier__estimator__base_estimator__random_state:12345|onevsrestclassifier__estimator__base_estimator__tol:0.0001|onevsrestclassifier__estimator__base_estimator__verbose:0|onevsrestclassifier__estimator__base_estimator:LinearSVC(class_weight='balanced', loss='squared_epsilon_insensitive',
          max_iter=1000.0, random_state=12345)|onevsrestclassifier__estimator__cv:5|onevsrestclassifier__estimator__ensemble:True|onevsrestclassifier__estimator__method:sigmoid|onevsrestclassifier__estimator__n_jobs:None|onevsrestclassifier__estimator:CalibratedClassifierCV(base_estimator=LinearSVC(class_weight='balanced',
                                                loss='squared_epsilon_insensitive',
                                                max_iter=1000.0,
                                                random_state=12345),
                       cv=5)|onevsrestclassifier__n_jobs:1",confidence,Mixed,Mixed,3,0.0252892967119483,0.019432505648976188,0.024069315088100982,0.026672396571626067,0.020323102835287602,0.04610005010689609,0.09412907664827577
0,0.74872731027014,893,same,1,"memory:None|steps:[('standardscaler', StandardScaler()), ('onevsrestclassifier', OneVsRestClassifier(estimator=CalibratedClassifierCV(base_estimator=LinearSVC(class_weight='balanced',
                                                                              loss='squared_epsilon_insensitive',
                                                                              max_iter=1000.0,
                                                                              random_state=12345),
                                                     cv=5),
                    n_jobs=1))]|verbose:False|standardscaler:StandardScaler()|onevsrestclassifier:OneVsRestClassifier(estimator=CalibratedClassifierCV(base_estimator=LinearSVC(class_weight='balanced',
                                                                              loss='squared_epsilon_insensitive',
                                                                              max_iter=1000.0,
                                                                              random_state=12345),
                                                     cv=5),
                    n_jobs=1)|standardscaler__copy:True|standardscaler__with_mean:True|standardscaler__with_std:True|onevsrestclassifier__estimator__base_estimator__C:1.0|onevsrestclassifier__estimator__base_estimator__class_weight:balanced|onevsrestclassifier__estimator__base_estimator__dual:True|onevsrestclassifier__estimator__base_estimator__fit_intercept:True|onevsrestclassifier__estimator__base_estimator__intercept_scaling:1|onevsrestclassifier__estimator__base_estimator__loss:squared_epsilon_insensitive|onevsrestclassifier__estimator__base_estimator__max_iter:1000.0|onevsrestclassifier__estimator__base_estimator__multi_class:ovr|onevsrestclassifier__estimator__base_estimator__penalty:l2|onevsrestclassifier__estimator__base_estimator__random_state:12345|onevsrestclassifier__estimator__base_estimator__tol:0.0001|onevsrestclassifier__estimator__base_estimator__verbose:0|onevsrestclassifier__estimator__base_estimator:LinearSVC(class_weight='balanced', loss='squared_epsilon_insensitive',
          max_iter=1000.0, random_state=12345)|onevsrestclassifier__estimator__cv:5|onevsrestclassifier__estimator__ensemble:True|onevsrestclassifier__estimator__method:sigmoid|onevsrestclassifier__estimator__n_jobs:None|onevsrestclassifier__estimator:CalibratedClassifierCV(base_estimator=LinearSVC(class_weight='balanced',
                                                loss='squared_epsilon_insensitive',
                                                max_iter=1000.0,
                                                random_state=12345),
                       cv=5)|onevsrestclassifier__n_jobs:1",confidence,Mixed,Mixed,4,0.022005331229358858,0.018943763667595127,0.021496496792342723,0.030003147130134647,0.024033313437355715,0.050113219493132834,0.10630332927512838
0,0.74872731027014,893,same,1,"memory:None|steps:[('standardscaler', StandardScaler()), ('onevsrestclassifier', OneVsRestClassifier(estimator=CalibratedClassifierCV(base_estimator=LinearSVC(class_weight='balanced',
                                                                              loss='squared_epsilon_insensitive',
                                                                              max_iter=1000.0,
                                                                              random_state=12345),
                                                     cv=5),
                    n_jobs=1))]|verbose:False|standardscaler:StandardScaler()|onevsrestclassifier:OneVsRestClassifier(estimator=CalibratedClassifierCV(base_estimator=LinearSVC(class_weight='balanced',
                                                                              loss='squared_epsilon_insensitive',
                                                                              max_iter=1000.0,
                                                                              random_state=12345),
                                                     cv=5),
                    n_jobs=1)|standardscaler__copy:True|standardscaler__with_mean:True|standardscaler__with_std:True|onevsrestclassifier__estimator__base_estimator__C:1.0|onevsrestclassifier__estimator__base_estimator__class_weight:balanced|onevsrestclassifier__estimator__base_estimator__dual:True|onevsrestclassifier__estimator__base_estimator__fit_intercept:True|onevsrestclassifier__estimator__base_estimator__intercept_scaling:1|onevsrestclassifier__estimator__base_estimator__loss:squared_epsilon_insensitive|onevsrestclassifier__estimator__base_estimator__max_iter:1000.0|onevsrestclassifier__estimator__base_estimator__multi_class:ovr|onevsrestclassifier__estimator__base_estimator__penalty:l2|onevsrestclassifier__estimator__base_estimator__random_state:12345|onevsrestclassifier__estimator__base_estimator__tol:0.0001|onevsrestclassifier__estimator__base_estimator__verbose:0|onevsrestclassifier__estimator__base_estimator:LinearSVC(class_weight='balanced', loss='squared_epsilon_insensitive',
          max_iter=1000.0, random_state=12345)|onevsrestclassifier__estimator__cv:5|onevsrestclassifier__estimator__ensemble:True|onevsrestclassifier__estimator__method:sigmoid|onevsrestclassifier__estimator__n_jobs:None|onevsrestclassifier__estimator:CalibratedClassifierCV(base_estimator=LinearSVC(class_weight='balanced',
                                                loss='squared_epsilon_insensitive',
                                                max_iter=1000.0,
                                                random_state=12345),
                       cv=5)|onevsrestclassifier__n_jobs:1",confidence,Mixed,Mixed,5,0.02622552178445844,0.0162219541553662,0.0268681051688972,0.025070645738256396,0.02784553049104832,0.04854991602077645,0.10315350848710758
1,0.7909127166182767,893,same,2,"memory:None|steps:[('standardscaler', StandardScaler()), ('onevsrestclassifier', OneVsRestClassifier(estimator=CalibratedClassifierCV(base_estimator=LinearSVC(C=10.0,
                                                                              class_weight='balanced',
                                                                              loss='squared_epsilon_insensitive',
                                                                              max_iter=1000.0,
                                                                              random_state=12345),
                                                     cv=5),
                    n_jobs=1))]|verbose:False|standardscaler:StandardScaler()|onevsrestclassifier:OneVsRestClassifier(estimator=CalibratedClassifierCV(base_estimator=LinearSVC(C=10.0,
                                                                              class_weight='balanced',
                                                                              loss='squared_epsilon_insensitive',
                                                                              max_iter=1000.0,
                                                                              random_state=12345),
                                                     cv=5),
                    n_jobs=1)|standardscaler__copy:True|standardscaler__with_mean:True|standardscaler__with_std:True|onevsrestclassifier__estimator__base_estimator__C:10.0|onevsrestclassifier__estimator__base_estimator__class_weight:balanced|onevsrestclassifier__estimator__base_estimator__dual:True|onevsrestclassifier__estimator__base_estimator__fit_intercept:True|onevsrestclassifier__estimator__base_estimator__intercept_scaling:1|onevsrestclassifier__estimator__base_estimator__loss:squared_epsilon_insensitive|onevsrestclassifier__estimator__base_estimator__max_iter:1000.0|onevsrestclassifier__estimator__base_estimator__multi_class:ovr|onevsrestclassifier__estimator__base_estimator__penalty:l2|onevsrestclassifier__estimator__base_estimator__random_state:12345|onevsrestclassifier__estimator__base_estimator__tol:0.0001|onevsrestclassifier__estimator__base_estimator__verbose:0|onevsrestclassifier__estimator__base_estimator:LinearSVC(C=10.0, class_weight='balanced', loss='squared_epsilon_insensitive',
          max_iter=1000.0, random_state=12345)|onevsrestclassifier__estimator__cv:5|onevsrestclassifier__estimator__ensemble:True|onevsrestclassifier__estimator__method:sigmoid|onevsrestclassifier__estimator__n_jobs:None|onevsrestclassifier__estimator:CalibratedClassifierCV(base_estimator=LinearSVC(C=10.0, class_weight='balanced',
                                                loss='squared_epsilon_insensitive',
                                                max_iter=1000.0,
                                                random_state=12345),
                       cv=5)|onevsrestclassifier__n_jobs:1",confidence,Mixed,Mixed,1,0.02388805700211516,0.021681473058822075,0.023928708243055898,0.029834053604420326,0.021075501073005484,0.05074269589830769,0.09393028177598099
1,0.7909127166182767,893,same,2,"memory:None|steps:[('standardscaler', StandardScaler()), ('onevsrestclassifier', OneVsRestClassifier(estimator=CalibratedClassifierCV(base_estimator=LinearSVC(C=10.0,
                                                                              class_weight='balanced',
                                                                              loss='squared_epsilon_insensitive',
                                                                              max_iter=1000.0,
                                                                              random_state=12345),
                                                     cv=5),
                    n_jobs=1))]|verbose:False|standardscaler:StandardScaler()|onevsrestclassifier:OneVsRestClassifier(estimator=CalibratedClassifierCV(base_estimator=LinearSVC(C=10.0,
                                                                              class_weight='balanced',
                                                                              loss='squared_epsilon_insensitive',
                                                                              max_iter=1000.0,
                                                                              random_state=12345),
                                                     cv=5),
                    n_jobs=1)|standardscaler__copy:True|standardscaler__with_mean:True|standardscaler__with_std:True|onevsrestclassifier__estimator__base_estimator__C:10.0|onevsrestclassifier__estimator__base_estimator__class_weight:balanced|onevsrestclassifier__estimator__base_estimator__dual:True|onevsrestclassifier__estimator__base_estimator__fit_intercept:True|onevsrestclassifier__estimator__base_estimator__intercept_scaling:1|onevsrestclassifier__estimator__base_estimator__loss:squared_epsilon_insensitive|onevsrestclassifier__estimator__base_estimator__max_iter:1000.0|onevsrestclassifier__estimator__base_estimator__multi_class:ovr|onevsrestclassifier__estimator__base_estimator__penalty:l2|onevsrestclassifier__estimator__base_estimator__random_state:12345|onevsrestclassifier__estimator__base_estimator__tol:0.0001|onevsrestclassifier__estimator__base_estimator__verbose:0|onevsrestclassifier__estimator__base_estimator:LinearSVC(C=10.0, class_weight='balanced', loss='squared_epsilon_insensitive',
          max_iter=1000.0, random_state=12345)|onevsrestclassifier__estimator__cv:5|onevsrestclassifier__estimator__ensemble:True|onevsrestclassifier__estimator__method:sigmoid|onevsrestclassifier__estimator__n_jobs:None|onevsrestclassifier__estimator:CalibratedClassifierCV(base_estimator=LinearSVC(C=10.0, class_weight='balanced',
                                                loss='squared_epsilon_insensitive',
                                                max_iter=1000.0,
                                                random_state=12345),
                       cv=5)|onevsrestclassifier__n_jobs:1",confidence,Mixed,Mixed,2,0.02573930044022634,0.0180118928019449,0.030251828920048643,0.034468692233042955,0.02309117033894541,0.04782427318996353,0.09684635342202731
1,0.7909127166182767,893,same,2,"memory:None|steps:[('standardscaler', StandardScaler()), ('onevsrestclassifier', OneVsRestClassifier(estimator=CalibratedClassifierCV(base_estimator=LinearSVC(C=10.0,
                                                                              class_weight='balanced',
                                                                              loss='squared_epsilon_insensitive',
                                                                              max_iter=1000.0,
                                                                              random_state=12345),
                                                     cv=5),
                    n_jobs=1))]|verbose:False|standardscaler:StandardScaler()|onevsrestclassifier:OneVsRestClassifier(estimator=CalibratedClassifierCV(base_estimator=LinearSVC(C=10.0,
                                                                              class_weight='balanced',
                                                                              loss='squared_epsilon_insensitive',
                                                                              max_iter=1000.0,
                                                                              random_state=12345),
                                                     cv=5),
                    n_jobs=1)|standardscaler__copy:True|standardscaler__with_mean:True|standardscaler__with_std:True|onevsrestclassifier__estimator__base_estimator__C:10.0|onevsrestclassifier__estimator__base_estimator__class_weight:balanced|onevsrestclassifier__estimator__base_estimator__dual:True|onevsrestclassifier__estimator__base_estimator__fit_intercept:True|onevsrestclassifier__estimator__base_estimator__intercept_scaling:1|onevsrestclassifier__estimator__base_estimator__loss:squared_epsilon_insensitive|onevsrestclassifier__estimator__base_estimator__max_iter:1000.0|onevsrestclassifier__estimator__base_estimator__multi_class:ovr|onevsrestclassifier__estimator__base_estimator__penalty:l2|onevsrestclassifier__estimator__base_estimator__random_state:12345|onevsrestclassifier__estimator__base_estimator__tol:0.0001|onevsrestclassifier__estimator__base_estimator__verbose:0|onevsrestclassifier__estimator__base_estimator:LinearSVC(C=10.0, class_weight='balanced', loss='squared_epsilon_insensitive',
          max_iter=1000.0, random_state=12345)|onevsrestclassifier__estimator__cv:5|onevsrestclassifier__estimator__ensemble:True|onevsrestclassifier__estimator__method:sigmoid|onevsrestclassifier__estimator__n_jobs:None|onevsrestclassifier__estimator:CalibratedClassifierCV(base_estimator=LinearSVC(C=10.0, class_weight='balanced',
                                                loss='squared_epsilon_insensitive',
                                                max_iter=1000.0,
                                                random_state=12345),
                       cv=5)|onevsrestclassifier__n_jobs:1",confidence,Mixed,Mixed,3,0.027849791960574726,0.019446542390498152,0.02528238095859073,0.026469829750170752,0.021116816698991205,0.04733294828092439,0.09446948543914013
1,0.7909127166182767,893,same,2,"memory:None|steps:[('standardscaler', StandardScaler()), ('onevsrestclassifier', OneVsRestClassifier(estimator=CalibratedClassifierCV(base_estimator=LinearSVC(C=10.0,
                                                                              class_weight='balanced',
                                                                              loss='squared_epsilon_insensitive',
                                                                              max_iter=1000.0,
                                                                              random_state=12345),
                                                     cv=5),
                    n_jobs=1))]|verbose:False|standardscaler:StandardScaler()|onevsrestclassifier:OneVsRestClassifier(estimator=CalibratedClassifierCV(base_estimator=LinearSVC(C=10.0,
                                                                              class_weight='balanced',
                                                                              loss='squared_epsilon_insensitive',
                                                                              max_iter=1000.0,
                                                                              random_state=12345),
                                                     cv=5),
                    n_jobs=1)|standardscaler__copy:True|standardscaler__with_mean:True|standardscaler__with_std:True|onevsrestclassifier__estimator__base_estimator__C:10.0|onevsrestclassifier__estimator__base_estimator__class_weight:balanced|onevsrestclassifier__estimator__base_estimator__dual:True|onevsrestclassifier__estimator__base_estimator__fit_intercept:True|onevsrestclassifier__estimator__base_estimator__intercept_scaling:1|onevsrestclassifier__estimator__base_estimator__loss:squared_epsilon_insensitive|onevsrestclassifier__estimator__base_estimator__max_iter:1000.0|onevsrestclassifier__estimator__base_estimator__multi_class:ovr|onevsrestclassifier__estimator__base_estimator__penalty:l2|onevsrestclassifier__estimator__base_estimator__random_state:12345|onevsrestclassifier__estimator__base_estimator__tol:0.0001|onevsrestclassifier__estimator__base_estimator__verbose:0|onevsrestclassifier__estimator__base_estimator:LinearSVC(C=10.0, class_weight='balanced', loss='squared_epsilon_insensitive',
          max_iter=1000.0, random_state=12345)|onevsrestclassifier__estimator__cv:5|onevsrestclassifier__estimator__ensemble:True|onevsrestclassifier__estimator__method:sigmoid|onevsrestclassifier__estimator__n_jobs:None|onevsrestclassifier__estimator:CalibratedClassifierCV(base_estimator=LinearSVC(C=10.0, class_weight='balanced',
                                                loss='squared_epsilon_insensitive',
                                                max_iter=1000.0,
                                                random_state=12345),
                       cv=5)|onevsrestclassifier__n_jobs:1",confidence,Mixed,Mixed,4,0.023889669200725727,0.02040249759350072,0.020977721607876136,0.0310590863426405,0.02414982185745379,0.05111247870339139,0.10604591022350693
1,0.7909127166182767,893,same,2,"memory:None|steps:[('standardscaler', StandardScaler()), ('onevsrestclassifier', OneVsRestClassifier(estimator=CalibratedClassifierCV(base_estimator=LinearSVC(C=10.0,
                                                                              class_weight='balanced',
                                                                              loss='squared_epsilon_insensitive',
                                                                              max_iter=1000.0,
                                                                              random_state=12345),
                                                     cv=5),
                    n_jobs=1))]|verbose:False|standardscaler:StandardScaler()|onevsrestclassifier:OneVsRestClassifier(estimator=CalibratedClassifierCV(base_estimator=LinearSVC(C=10.0,
                                                                              class_weight='balanced',
                                                                              loss='squared_epsilon_insensitive',
                                                                              max_iter=1000.0,
                                                                              random_state=12345),
                                                     cv=5),
                    n_jobs=1)|standardscaler__copy:True|standardscaler__with_mean:True|standardscaler__with_std:True|onevsrestclassifier__estimator__base_estimator__C:10.0|onevsrestclassifier__estimator__base_estimator__class_weight:balanced|onevsrestclassifier__estimator__base_estimator__dual:True|onevsrestclassifier__estimator__base_estimator__fit_intercept:True|onevsrestclassifier__estimator__base_estimator__intercept_scaling:1|onevsrestclassifier__estimator__base_estimator__loss:squared_epsilon_insensitive|onevsrestclassifier__estimator__base_estimator__max_iter:1000.0|onevsrestclassifier__estimator__base_estimator__multi_class:ovr|onevsrestclassifier__estimator__base_estimator__penalty:l2|onevsrestclassifier__estimator__base_estimator__random_state:12345|onevsrestclassifier__estimator__base_estimator__tol:0.0001|onevsrestclassifier__estimator__base_estimator__verbose:0|onevsrestclassifier__estimator__base_estimator:LinearSVC(C=10.0, class_weight='balanced', loss='squared_epsilon_insensitive',
          max_iter=1000.0, random_state=12345)|onevsrestclassifier__estimator__cv:5|onevsrestclassifier__estimator__ensemble:True|onevsrestclassifier__estimator__method:sigmoid|onevsrestclassifier__estimator__n_jobs:None|onevsrestclassifier__estimator:CalibratedClassifierCV(base_estimator=LinearSVC(C=10.0, class_weight='balanced',
                                                loss='squared_epsilon_insensitive',
                                                max_iter=1000.0,
                                                random_state=12345),
                       cv=5)|onevsrestclassifier__n_jobs:1",confidence,Mixed,Mixed,5,0.02824050273287335,0.017857991957013163,0.028908517904683784,0.025173185733720595,0.029371879257821816,0.047972181534406674,0.10312462550382716
2,0.6007546581557931,893,same,3,"memory:None|steps:[('standardscaler', StandardScaler()), ('onevsrestclassifier', OneVsRestClassifier(estimator=CalibratedClassifierCV(base_estimator=LinearSVC(class_weight='balanced',
                                                                              loss='squared_epsilon_insensitive',
                                                                              max_iter=1000.0,
                                                                              random_state=12345),
                                                     cv=5),
                    n_jobs=1))]|verbose:False|standardscaler:StandardScaler()|onevsrestclassifier:OneVsRestClassifier(estimator=CalibratedClassifierCV(base_estimator=LinearSVC(class_weight='balanced',
                                                                              loss='squared_epsilon_insensitive',
                                                                              max_iter=1000.0,
                                                                              random_state=12345),
                                                     cv=5),
                    n_jobs=1)|standardscaler__copy:True|standardscaler__with_mean:True|standardscaler__with_std:True|onevsrestclassifier__estimator__base_estimator__C:1.0|onevsrestclassifier__estimator__base_estimator__class_weight:balanced|onevsrestclassifier__estimator__base_estimator__dual:True|onevsrestclassifier__estimator__base_estimator__fit_intercept:True|onevsrestclassifier__estimator__base_estimator__intercept_scaling:1|onevsrestclassifier__estimator__base_estimator__loss:squared_epsilon_insensitive|onevsrestclassifier__estimator__base_estimator__max_iter:1000.0|onevsrestclassifier__estimator__base_estimator__multi_class:ovr|onevsrestclassifier__estimator__base_estimator__penalty:l2|onevsrestclassifier__estimator__base_estimator__random_state:12345|onevsrestclassifier__estimator__base_estimator__tol:0.0001|onevsrestclassifier__estimator__base_estimator__verbose:0|onevsrestclassifier__estimator__base_estimator:LinearSVC(class_weight='balanced', loss='squared_epsilon_insensitive',
          max_iter=1000.0, random_state=12345)|onevsrestclassifier__estimator__cv:5|onevsrestclassifier__estimator__ensemble:True|onevsrestclassifier__estimator__method:sigmoid|onevsrestclassifier__estimator__n_jobs:None|onevsrestclassifier__estimator:CalibratedClassifierCV(base_estimator=LinearSVC(class_weight='balanced',
                                                loss='squared_epsilon_insensitive',
                                                max_iter=1000.0,
                                                random_state=12345),
                       cv=5)|onevsrestclassifier__n_jobs:1",confidence,Mixed,Mixed,1,0.025682488186284956,0.016931031988464993,0.025433282015653234,0.030716385277392125,0.022327065611822256,0.04771237576686742,0.09408202162045193
2,0.6007546581557931,893,same,3,"memory:None|steps:[('standardscaler', StandardScaler()), ('onevsrestclassifier', OneVsRestClassifier(estimator=CalibratedClassifierCV(base_estimator=LinearSVC(class_weight='balanced',
                                                                              loss='squared_epsilon_insensitive',
                                                                              max_iter=1000.0,
                                                                              random_state=12345),
                                                     cv=5),
                    n_jobs=1))]|verbose:False|standardscaler:StandardScaler()|onevsrestclassifier:OneVsRestClassifier(estimator=CalibratedClassifierCV(base_estimator=LinearSVC(class_weight='balanced',
                                                                              loss='squared_epsilon_insensitive',
                                                                              max_iter=1000.0,
                                                                              random_state=12345),
                                                     cv=5),
                    n_jobs=1)|standardscaler__copy:True|standardscaler__with_mean:True|standardscaler__with_std:True|onevsrestclassifier__estimator__base_estimator__C:1.0|onevsrestclassifier__estimator__base_estimator__class_weight:balanced|onevsrestclassifier__estimator__base_estimator__dual:True|onevsrestclassifier__estimator__base_estimator__fit_intercept:True|onevsrestclassifier__estimator__base_estimator__intercept_scaling:1|onevsrestclassifier__estimator__base_estimator__loss:squared_epsilon_insensitive|onevsrestclassifier__estimator__base_estimator__max_iter:1000.0|onevsrestclassifier__estimator__base_estimator__multi_class:ovr|onevsrestclassifier__estimator__base_estimator__penalty:l2|onevsrestclassifier__estimator__base_estimator__random_state:12345|onevsrestclassifier__estimator__base_estimator__tol:0.0001|onevsrestclassifier__estimator__base_estimator__verbose:0|onevsrestclassifier__estimator__base_estimator:LinearSVC(class_weight='balanced', loss='squared_epsilon_insensitive',
          max_iter=1000.0, random_state=12345)|onevsrestclassifier__estimator__cv:5|onevsrestclassifier__estimator__ensemble:True|onevsrestclassifier__estimator__method:sigmoid|onevsrestclassifier__estimator__n_jobs:None|onevsrestclassifier__estimator:CalibratedClassifierCV(base_estimator=LinearSVC(class_weight='balanced',
                                                loss='squared_epsilon_insensitive',
                                                max_iter=1000.0,
                                                random_state=12345),
                       cv=5)|onevsrestclassifier__n_jobs:1",confidence,Mixed,Mixed,2,0.026832217906270023,0.017506700765796652,0.025616219109194593,0.035655067088859224,0.02179553716576853,0.05012451915931514,0.09743017968986907
2,0.6007546581557931,893,same,3,"memory:None|steps:[('standardscaler', StandardScaler()), ('onevsrestclassifier', OneVsRestClassifier(estimator=CalibratedClassifierCV(base_estimator=LinearSVC(class_weight='balanced',
                                                                              loss='squared_epsilon_insensitive',
                                                                              max_iter=1000.0,
                                                                              random_state=12345),
                                                     cv=5),
                    n_jobs=1))]|verbose:False|standardscaler:StandardScaler()|onevsrestclassifier:OneVsRestClassifier(estimator=CalibratedClassifierCV(base_estimator=LinearSVC(class_weight='balanced',
                                                                              loss='squared_epsilon_insensitive',
                                                                              max_iter=1000.0,
                                                                              random_state=12345),
                                                     cv=5),
                    n_jobs=1)|standardscaler__copy:True|standardscaler__with_mean:True|standardscaler__with_std:True|onevsrestclassifier__estimator__base_estimator__C:1.0|onevsrestclassifier__estimator__base_estimator__class_weight:balanced|onevsrestclassifier__estimator__base_estimator__dual:True|onevsrestclassifier__estimator__base_estimator__fit_intercept:True|onevsrestclassifier__estimator__base_estimator__intercept_scaling:1|onevsrestclassifier__estimator__base_estimator__loss:squared_epsilon_insensitive|onevsrestclassifier__estimator__base_estimator__max_iter:1000.0|onevsrestclassifier__estimator__base_estimator__multi_class:ovr|onevsrestclassifier__estimator__base_estimator__penalty:l2|onevsrestclassifier__estimator__base_estimator__random_state:12345|onevsrestclassifier__estimator__base_estimator__tol:0.0001|onevsrestclassifier__estimator__base_estimator__verbose:0|onevsrestclassifier__estimator__base_estimator:LinearSVC(class_weight='balanced', loss='squared_epsilon_insensitive',
          max_iter=1000.0, random_state=12345)|onevsrestclassifier__estimator__cv:5|onevsrestclassifier__estimator__ensemble:True|onevsrestclassifier__estimator__method:sigmoid|onevsrestclassifier__estimator__n_jobs:None|onevsrestclassifier__estimator:CalibratedClassifierCV(base_estimator=LinearSVC(class_weight='balanced',
                                                loss='squared_epsilon_insensitive',
                                                max_iter=1000.0,
                                                random_state=12345),
                       cv=5)|onevsrestclassifier__n_jobs:1",confidence,Mixed,Mixed,3,0.028405442017888395,0.019584307839539735,0.024092364380327,0.027995060199320642,0.023629024312633872,0.04850096563481315,0.09694142986620596
2,0.6007546581557931,893,same,3,"memory:None|steps:[('standardscaler', StandardScaler()), ('onevsrestclassifier', OneVsRestClassifier(estimator=CalibratedClassifierCV(base_estimator=LinearSVC(class_weight='balanced',
                                                                              loss='squared_epsilon_insensitive',
                                                                              max_iter=1000.0,
                                                                              random_state=12345),
                                                     cv=5),
                    n_jobs=1))]|verbose:False|standardscaler:StandardScaler()|onevsrestclassifier:OneVsRestClassifier(estimator=CalibratedClassifierCV(base_estimator=LinearSVC(class_weight='balanced',
                                                                              loss='squared_epsilon_insensitive',
                                                                              max_iter=1000.0,
                                                                              random_state=12345),
                                                     cv=5),
                    n_jobs=1)|standardscaler__copy:True|standardscaler__with_mean:True|standardscaler__with_std:True|onevsrestclassifier__estimator__base_estimator__C:1.0|onevsrestclassifier__estimator__base_estimator__class_weight:balanced|onevsrestclassifier__estimator__base_estimator__dual:True|onevsrestclassifier__estimator__base_estimator__fit_intercept:True|onevsrestclassifier__estimator__base_estimator__intercept_scaling:1|onevsrestclassifier__estimator__base_estimator__loss:squared_epsilon_insensitive|onevsrestclassifier__estimator__base_estimator__max_iter:1000.0|onevsrestclassifier__estimator__base_estimator__multi_class:ovr|onevsrestclassifier__estimator__base_estimator__penalty:l2|onevsrestclassifier__estimator__base_estimator__random_state:12345|onevsrestclassifier__estimator__base_estimator__tol:0.0001|onevsrestclassifier__estimator__base_estimator__verbose:0|onevsrestclassifier__estimator__base_estimator:LinearSVC(class_weight='balanced', loss='squared_epsilon_insensitive',
          max_iter=1000.0, random_state=12345)|onevsrestclassifier__estimator__cv:5|onevsrestclassifier__estimator__ensemble:True|onevsrestclassifier__estimator__method:sigmoid|onevsrestclassifier__estimator__n_jobs:None|onevsrestclassifier__estimator:CalibratedClassifierCV(base_estimator=LinearSVC(class_weight='balanced',
                                                loss='squared_epsilon_insensitive',
                                                max_iter=1000.0,
                                                random_state=12345),
                       cv=5)|onevsrestclassifier__n_jobs:1",confidence,Mixed,Mixed,4,0.024349781884952557,0.019260614259588468,0.02034625369752373,0.03183751733465875,0.02483479496521125,0.052136090301922594,0.10788593581865173
2,0.6007546581557931,893,same,3,"memory:None|steps:[('standardscaler', StandardScaler()), ('onevsrestclassifier', OneVsRestClassifier(estimator=CalibratedClassifierCV(base_estimator=LinearSVC(class_weight='balanced',
                                                                              loss='squared_epsilon_insensitive',
                                                                              max_iter=1000.0,
                                                                              random_state=12345),
                                                     cv=5),
                    n_jobs=1))]|verbose:False|standardscaler:StandardScaler()|onevsrestclassifier:OneVsRestClassifier(estimator=CalibratedClassifierCV(base_estimator=LinearSVC(class_weight='balanced',
                                                                              loss='squared_epsilon_insensitive',
                                                                              max_iter=1000.0,
                                                                              random_state=12345),
                                                     cv=5),
                    n_jobs=1)|standardscaler__copy:True|standardscaler__with_mean:True|standardscaler__with_std:True|onevsrestclassifier__estimator__base_estimator__C:1.0|onevsrestclassifier__estimator__base_estimator__class_weight:balanced|onevsrestclassifier__estimator__base_estimator__dual:True|onevsrestclassifier__estimator__base_estimator__fit_intercept:True|onevsrestclassifier__estimator__base_estimator__intercept_scaling:1|onevsrestclassifier__estimator__base_estimator__loss:squared_epsilon_insensitive|onevsrestclassifier__estimator__base_estimator__max_iter:1000.0|onevsrestclassifier__estimator__base_estimator__multi_class:ovr|onevsrestclassifier__estimator__base_estimator__penalty:l2|onevsrestclassifier__estimator__base_estimator__random_state:12345|onevsrestclassifier__estimator__base_estimator__tol:0.0001|onevsrestclassifier__estimator__base_estimator__verbose:0|onevsrestclassifier__estimator__base_estimator:LinearSVC(class_weight='balanced', loss='squared_epsilon_insensitive',
          max_iter=1000.0, random_state=12345)|onevsrestclassifier__estimator__cv:5|onevsrestclassifier__estimator__ensemble:True|onevsrestclassifier__estimator__method:sigmoid|onevsrestclassifier__estimator__n_jobs:None|onevsrestclassifier__estimator:CalibratedClassifierCV(base_estimator=LinearSVC(class_weight='balanced',
                                                loss='squared_epsilon_insensitive',
                                                max_iter=1000.0,
                                                random_state=12345),
                       cv=5)|onevsrestclassifier__n_jobs:1",confidence,Mixed,Mixed,5,0.02890660495475945,0.016664854430292923,0.026841425798808032,0.02629579328277153,0.030380238393300278,0.05069111036038816,0.10377798334206546
3,0.7466452024665748,693,same,4,"memory:None|steps:[('standardscaler', StandardScaler()), ('onevsrestclassifier', OneVsRestClassifier(estimator=CalibratedClassifierCV(base_estimator=LinearSVC(class_weight='balanced',
                                                                              loss='squared_epsilon_insensitive',
                                                                              max_iter=1000.0,
                                                                              random_state=12345),
                                                     cv=5),
                    n_jobs=1))]|verbose:False|standardscaler:StandardScaler()|onevsrestclassifier:OneVsRestClassifier(estimator=CalibratedClassifierCV(base_estimator=LinearSVC(class_weight='balanced',
                                                                              loss='squared_epsilon_insensitive',
                                                                              max_iter=1000.0,
                                                                              random_state=12345),
                                                     cv=5),
                    n_jobs=1)|standardscaler__copy:True|standardscaler__with_mean:True|standardscaler__with_std:True|onevsrestclassifier__estimator__base_estimator__C:1.0|onevsrestclassifier__estimator__base_estimator__class_weight:balanced|onevsrestclassifier__estimator__base_estimator__dual:True|onevsrestclassifier__estimator__base_estimator__fit_intercept:True|onevsrestclassifier__estimator__base_estimator__intercept_scaling:1|onevsrestclassifier__estimator__base_estimator__loss:squared_epsilon_insensitive|onevsrestclassifier__estimator__base_estimator__max_iter:1000.0|onevsrestclassifier__estimator__base_estimator__multi_class:ovr|onevsrestclassifier__estimator__base_estimator__penalty:l2|onevsrestclassifier__estimator__base_estimator__random_state:12345|onevsrestclassifier__estimator__base_estimator__tol:0.0001|onevsrestclassifier__estimator__base_estimator__verbose:0|onevsrestclassifier__estimator__base_estimator:LinearSVC(class_weight='balanced', loss='squared_epsilon_insensitive',
          max_iter=1000.0, random_state=12345)|onevsrestclassifier__estimator__cv:5|onevsrestclassifier__estimator__ensemble:True|onevsrestclassifier__estimator__method:sigmoid|onevsrestclassifier__estimator__n_jobs:None|onevsrestclassifier__estimator:CalibratedClassifierCV(base_estimator=LinearSVC(class_weight='balanced',
                                                loss='squared_epsilon_insensitive',
                                                max_iter=1000.0,
                                                random_state=12345),
                       cv=5)|onevsrestclassifier__n_jobs:1",confidence,Mixed,Mixed,1,0.024760505493667737,0.016690137611261202,0.024717462016465817,0.030372826786310377,0.02197108767590457,0.04735586419810224,0.09454629339771946
3,0.7466452024665748,693,same,4,"memory:None|steps:[('standardscaler', StandardScaler()), ('onevsrestclassifier', OneVsRestClassifier(estimator=CalibratedClassifierCV(base_estimator=LinearSVC(class_weight='balanced',
                                                                              loss='squared_epsilon_insensitive',
                                                                              max_iter=1000.0,
                                                                              random_state=12345),
                                                     cv=5),
                    n_jobs=1))]|verbose:False|standardscaler:StandardScaler()|onevsrestclassifier:OneVsRestClassifier(estimator=CalibratedClassifierCV(base_estimator=LinearSVC(class_weight='balanced',
                                                                              loss='squared_epsilon_insensitive',
                                                                              max_iter=1000.0,
                                                                              random_state=12345),
                                                     cv=5),
                    n_jobs=1)|standardscaler__copy:True|standardscaler__with_mean:True|standardscaler__with_std:True|onevsrestclassifier__estimator__base_estimator__C:1.0|onevsrestclassifier__estimator__base_estimator__class_weight:balanced|onevsrestclassifier__estimator__base_estimator__dual:True|onevsrestclassifier__estimator__base_estimator__fit_intercept:True|onevsrestclassifier__estimator__base_estimator__intercept_scaling:1|onevsrestclassifier__estimator__base_estimator__loss:squared_epsilon_insensitive|onevsrestclassifier__estimator__base_estimator__max_iter:1000.0|onevsrestclassifier__estimator__base_estimator__multi_class:ovr|onevsrestclassifier__estimator__base_estimator__penalty:l2|onevsrestclassifier__estimator__base_estimator__random_state:12345|onevsrestclassifier__estimator__base_estimator__tol:0.0001|onevsrestclassifier__estimator__base_estimator__verbose:0|onevsrestclassifier__estimator__base_estimator:LinearSVC(class_weight='balanced', loss='squared_epsilon_insensitive',
          max_iter=1000.0, random_state=12345)|onevsrestclassifier__estimator__cv:5|onevsrestclassifier__estimator__ensemble:True|onevsrestclassifier__estimator__method:sigmoid|onevsrestclassifier__estimator__n_jobs:None|onevsrestclassifier__estimator:CalibratedClassifierCV(base_estimator=LinearSVC(class_weight='balanced',
                                                loss='squared_epsilon_insensitive',
                                                max_iter=1000.0,
                                                random_state=12345),
                       cv=5)|onevsrestclassifier__n_jobs:1",confidence,Mixed,Mixed,2,0.026429064707044467,0.017756304752141946,0.027366983974945237,0.0334845105735205,0.02122396564132616,0.048536108923181935,0.09770462744027174
3,0.7466452024665748,693,same,4,"memory:None|steps:[('standardscaler', StandardScaler()), ('onevsrestclassifier', OneVsRestClassifier(estimator=CalibratedClassifierCV(base_estimator=LinearSVC(class_weight='balanced',
                                                                              loss='squared_epsilon_insensitive',
                                                                              max_iter=1000.0,
                                                                              random_state=12345),
                                                     cv=5),
                    n_jobs=1))]|verbose:False|standardscaler:StandardScaler()|onevsrestclassifier:OneVsRestClassifier(estimator=CalibratedClassifierCV(base_estimator=LinearSVC(class_weight='balanced',
                                                                              loss='squared_epsilon_insensitive',
                                                                              max_iter=1000.0,
                                                                              random_state=12345),
                                                     cv=5),
                    n_jobs=1)|standardscaler__copy:True|standardscaler__with_mean:True|standardscaler__with_std:True|onevsrestclassifier__estimator__base_estimator__C:1.0|onevsrestclassifier__estimator__base_estimator__class_weight:balanced|onevsrestclassifier__estimator__base_estimator__dual:True|onevsrestclassifier__estimator__base_estimator__fit_intercept:True|onevsrestclassifier__estimator__base_estimator__intercept_scaling:1|onevsrestclassifier__estimator__base_estimator__loss:squared_epsilon_insensitive|onevsrestclassifier__estimator__base_estimator__max_iter:1000.0|onevsrestclassifier__estimator__base_estimator__multi_class:ovr|onevsrestclassifier__estimator__base_estimator__penalty:l2|onevsrestclassifier__estimator__base_estimator__random_state:12345|onevsrestclassifier__estimator__base_estimator__tol:0.0001|onevsrestclassifier__estimator__base_estimator__verbose:0|onevsrestclassifier__estimator__base_estimator:LinearSVC(class_weight='balanced', loss='squared_epsilon_insensitive',
          max_iter=1000.0, random_state=12345)|onevsrestclassifier__estimator__cv:5|onevsrestclassifier__estimator__ensemble:True|onevsrestclassifier__estimator__method:sigmoid|onevsrestclassifier__estimator__n_jobs:None|onevsrestclassifier__estimator:CalibratedClassifierCV(base_estimator=LinearSVC(class_weight='balanced',
                                                loss='squared_epsilon_insensitive',
                                                max_iter=1000.0,
                                                random_state=12345),
                       cv=5)|onevsrestclassifier__n_jobs:1",confidence,Mixed,Mixed,3,0.026639889039619533,0.018899571286342728,0.025223834236771915,0.02613219541349806,0.02096884210758316,0.04605944483620511,0.0953322484548475
3,0.7466452024665748,693,same,4,"memory:None|steps:[('standardscaler', StandardScaler()), ('onevsrestclassifier', OneVsRestClassifier(estimator=CalibratedClassifierCV(base_estimator=LinearSVC(class_weight='balanced',
                                                                              loss='squared_epsilon_insensitive',
                                                                              max_iter=1000.0,
                                                                              random_state=12345),
                                                     cv=5),
                    n_jobs=1))]|verbose:False|standardscaler:StandardScaler()|onevsrestclassifier:OneVsRestClassifier(estimator=CalibratedClassifierCV(base_estimator=LinearSVC(class_weight='balanced',
                                                                              loss='squared_epsilon_insensitive',
                                                                              max_iter=1000.0,
                                                                              random_state=12345),
                                                     cv=5),
                    n_jobs=1)|standardscaler__copy:True|standardscaler__with_mean:True|standardscaler__with_std:True|onevsrestclassifier__estimator__base_estimator__C:1.0|onevsrestclassifier__estimator__base_estimator__class_weight:balanced|onevsrestclassifier__estimator__base_estimator__dual:True|onevsrestclassifier__estimator__base_estimator__fit_intercept:True|onevsrestclassifier__estimator__base_estimator__intercept_scaling:1|onevsrestclassifier__estimator__base_estimator__loss:squared_epsilon_insensitive|onevsrestclassifier__estimator__base_estimator__max_iter:1000.0|onevsrestclassifier__estimator__base_estimator__multi_class:ovr|onevsrestclassifier__estimator__base_estimator__penalty:l2|onevsrestclassifier__estimator__base_estimator__random_state:12345|onevsrestclassifier__estimator__base_estimator__tol:0.0001|onevsrestclassifier__estimator__base_estimator__verbose:0|onevsrestclassifier__estimator__base_estimator:LinearSVC(class_weight='balanced', loss='squared_epsilon_insensitive',
          max_iter=1000.0, random_state=12345)|onevsrestclassifier__estimator__cv:5|onevsrestclassifier__estimator__ensemble:True|onevsrestclassifier__estimator__method:sigmoid|onevsrestclassifier__estimator__n_jobs:None|onevsrestclassifier__estimator:CalibratedClassifierCV(base_estimator=LinearSVC(class_weight='balanced',
                                                loss='squared_epsilon_insensitive',
                                                max_iter=1000.0,
                                                random_state=12345),
                       cv=5)|onevsrestclassifier__n_jobs:1",confidence,Mixed,Mixed,4,0.022355446997232197,0.01905339050264839,0.021616970358022135,0.02944372513792662,0.02337851563053621,0.049668020054997465,0.10709540895457345
3,0.7466452024665748,693,same,4,"memory:None|steps:[('standardscaler', StandardScaler()), ('onevsrestclassifier', OneVsRestClassifier(estimator=CalibratedClassifierCV(base_estimator=LinearSVC(class_weight='balanced',
                                                                              loss='squared_epsilon_insensitive',
                                                                              max_iter=1000.0,
                                                                              random_state=12345),
                                                     cv=5),
                    n_jobs=1))]|verbose:False|standardscaler:StandardScaler()|onevsrestclassifier:OneVsRestClassifier(estimator=CalibratedClassifierCV(base_estimator=LinearSVC(class_weight='balanced',
                                                                              loss='squared_epsilon_insensitive',
                                                                              max_iter=1000.0,
                                                                              random_state=12345),
                                                     cv=5),
                    n_jobs=1)|standardscaler__copy:True|standardscaler__with_mean:True|standardscaler__with_std:True|onevsrestclassifier__estimator__base_estimator__C:1.0|onevsrestclassifier__estimator__base_estimator__class_weight:balanced|onevsrestclassifier__estimator__base_estimator__dual:True|onevsrestclassifier__estimator__base_estimator__fit_intercept:True|onevsrestclassifier__estimator__base_estimator__intercept_scaling:1|onevsrestclassifier__estimator__base_estimator__loss:squared_epsilon_insensitive|onevsrestclassifier__estimator__base_estimator__max_iter:1000.0|onevsrestclassifier__estimator__base_estimator__multi_class:ovr|onevsrestclassifier__estimator__base_estimator__penalty:l2|onevsrestclassifier__estimator__base_estimator__random_state:12345|onevsrestclassifier__estimator__base_estimator__tol:0.0001|onevsrestclassifier__estimator__base_estimator__verbose:0|onevsrestclassifier__estimator__base_estimator:LinearSVC(class_weight='balanced', loss='squared_epsilon_insensitive',
          max_iter=1000.0, random_state=12345)|onevsrestclassifier__estimator__cv:5|onevsrestclassifier__estimator__ensemble:True|onevsrestclassifier__estimator__method:sigmoid|onevsrestclassifier__estimator__n_jobs:None|onevsrestclassifier__estimator:CalibratedClassifierCV(base_estimator=LinearSVC(class_weight='balanced',
                                                loss='squared_epsilon_insensitive',
                                                max_iter=1000.0,
                                                random_state=12345),
                       cv=5)|onevsrestclassifier__n_jobs:1",confidence,Mixed,Mixed,5,0.027487900171015232,0.016183621583460744,0.027839482975518914,0.024275009531764476,0.028123157072904255,0.048113041895811955,0.10338754389840152
4,0.7584690854376087,893,same,5,"memory:None|steps:[('standardscaler', StandardScaler()), ('onevsrestclassifier', OneVsRestClassifier(estimator=CalibratedClassifierCV(base_estimator=LinearSVC(C=10.0,
                                                                              class_weight='balanced',
                                                                              loss='squared_epsilon_insensitive',
                                                                              max_iter=1000.0,
                                                                              random_state=12345),
                                                     cv=5),
                    n_jobs=1))]|verbose:False|standardscaler:StandardScaler()|onevsrestclassifier:OneVsRestClassifier(estimator=CalibratedClassifierCV(base_estimator=LinearSVC(C=10.0,
                                                                              class_weight='balanced',
                                                                              loss='squared_epsilon_insensitive',
                                                                              max_iter=1000.0,
                                                                              random_state=12345),
                                                     cv=5),
                    n_jobs=1)|standardscaler__copy:True|standardscaler__with_mean:True|standardscaler__with_std:True|onevsrestclassifier__estimator__base_estimator__C:10.0|onevsrestclassifier__estimator__base_estimator__class_weight:balanced|onevsrestclassifier__estimator__base_estimator__dual:True|onevsrestclassifier__estimator__base_estimator__fit_intercept:True|onevsrestclassifier__estimator__base_estimator__intercept_scaling:1|onevsrestclassifier__estimator__base_estimator__loss:squared_epsilon_insensitive|onevsrestclassifier__estimator__base_estimator__max_iter:1000.0|onevsrestclassifier__estimator__base_estimator__multi_class:ovr|onevsrestclassifier__estimator__base_estimator__penalty:l2|onevsrestclassifier__estimator__base_estimator__random_state:12345|onevsrestclassifier__estimator__base_estimator__tol:0.0001|onevsrestclassifier__estimator__base_estimator__verbose:0|onevsrestclassifier__estimator__base_estimator:LinearSVC(C=10.0, class_weight='balanced', loss='squared_epsilon_insensitive',
          max_iter=1000.0, random_state=12345)|onevsrestclassifier__estimator__cv:5|onevsrestclassifier__estimator__ensemble:True|onevsrestclassifier__estimator__method:sigmoid|onevsrestclassifier__estimator__n_jobs:None|onevsrestclassifier__estimator:CalibratedClassifierCV(base_estimator=LinearSVC(C=10.0, class_weight='balanced',
                                                loss='squared_epsilon_insensitive',
                                                max_iter=1000.0,
                                                random_state=12345),
                       cv=5)|onevsrestclassifier__n_jobs:1",confidence,Mixed,Mixed,1,0.024579527447431592,0.021198758960131004,0.024530589350335977,0.030531836385768972,0.020782946895597783,0.05037121217240645,0.09533374817195488
4,0.7584690854376087,893,same,5,"memory:None|steps:[('standardscaler', StandardScaler()), ('onevsrestclassifier', OneVsRestClassifier(estimator=CalibratedClassifierCV(base_estimator=LinearSVC(C=10.0,
                                                                              class_weight='balanced',
                                                                              loss='squared_epsilon_insensitive',
                                                                              max_iter=1000.0,
                                                                              random_state=12345),
                                                     cv=5),
                    n_jobs=1))]|verbose:False|standardscaler:StandardScaler()|onevsrestclassifier:OneVsRestClassifier(estimator=CalibratedClassifierCV(base_estimator=LinearSVC(C=10.0,
                                                                              class_weight='balanced',
                                                                              loss='squared_epsilon_insensitive',
                                                                              max_iter=1000.0,
                                                                              random_state=12345),
                                                     cv=5),
                    n_jobs=1)|standardscaler__copy:True|standardscaler__with_mean:True|standardscaler__with_std:True|onevsrestclassifier__estimator__base_estimator__C:10.0|onevsrestclassifier__estimator__base_estimator__class_weight:balanced|onevsrestclassifier__estimator__base_estimator__dual:True|onevsrestclassifier__estimator__base_estimator__fit_intercept:True|onevsrestclassifier__estimator__base_estimator__intercept_scaling:1|onevsrestclassifier__estimator__base_estimator__loss:squared_epsilon_insensitive|onevsrestclassifier__estimator__base_estimator__max_iter:1000.0|onevsrestclassifier__estimator__base_estimator__multi_class:ovr|onevsrestclassifier__estimator__base_estimator__penalty:l2|onevsrestclassifier__estimator__base_estimator__random_state:12345|onevsrestclassifier__estimator__base_estimator__tol:0.0001|onevsrestclassifier__estimator__base_estimator__verbose:0|onevsrestclassifier__estimator__base_estimator:LinearSVC(C=10.0, class_weight='balanced', loss='squared_epsilon_insensitive',
          max_iter=1000.0, random_state=12345)|onevsrestclassifier__estimator__cv:5|onevsrestclassifier__estimator__ensemble:True|onevsrestclassifier__estimator__method:sigmoid|onevsrestclassifier__estimator__n_jobs:None|onevsrestclassifier__estimator:CalibratedClassifierCV(base_estimator=LinearSVC(C=10.0, class_weight='balanced',
                                                loss='squared_epsilon_insensitive',
                                                max_iter=1000.0,
                                                random_state=12345),
                       cv=5)|onevsrestclassifier__n_jobs:1",confidence,Mixed,Mixed,2,0.026389600440623946,0.01578534027356759,0.02886493119784698,0.03551482570719414,0.022827501878666667,0.0511597983737551,0.10300312182968784
4,0.7584690854376087,893,same,5,"memory:None|steps:[('standardscaler', StandardScaler()), ('onevsrestclassifier', OneVsRestClassifier(estimator=CalibratedClassifierCV(base_estimator=LinearSVC(C=10.0,
                                                                              class_weight='balanced',
                                                                              loss='squared_epsilon_insensitive',
                                                                              max_iter=1000.0,
                                                                              random_state=12345),
                                                     cv=5),
                    n_jobs=1))]|verbose:False|standardscaler:StandardScaler()|onevsrestclassifier:OneVsRestClassifier(estimator=CalibratedClassifierCV(base_estimator=LinearSVC(C=10.0,
                                                                              class_weight='balanced',
                                                                              loss='squared_epsilon_insensitive',
                                                                              max_iter=1000.0,
                                                                              random_state=12345),
                                                     cv=5),
                    n_jobs=1)|standardscaler__copy:True|standardscaler__with_mean:True|standardscaler__with_std:True|onevsrestclassifier__estimator__base_estimator__C:10.0|onevsrestclassifier__estimator__base_estimator__class_weight:balanced|onevsrestclassifier__estimator__base_estimator__dual:True|onevsrestclassifier__estimator__base_estimator__fit_intercept:True|onevsrestclassifier__estimator__base_estimator__intercept_scaling:1|onevsrestclassifier__estimator__base_estimator__loss:squared_epsilon_insensitive|onevsrestclassifier__estimator__base_estimator__max_iter:1000.0|onevsrestclassifier__estimator__base_estimator__multi_class:ovr|onevsrestclassifier__estimator__base_estimator__penalty:l2|onevsrestclassifier__estimator__base_estimator__random_state:12345|onevsrestclassifier__estimator__base_estimator__tol:0.0001|onevsrestclassifier__estimator__base_estimator__verbose:0|onevsrestclassifier__estimator__base_estimator:LinearSVC(C=10.0, class_weight='balanced', loss='squared_epsilon_insensitive',
          max_iter=1000.0, random_state=12345)|onevsrestclassifier__estimator__cv:5|onevsrestclassifier__estimator__ensemble:True|onevsrestclassifier__estimator__method:sigmoid|onevsrestclassifier__estimator__n_jobs:None|onevsrestclassifier__estimator:CalibratedClassifierCV(base_estimator=LinearSVC(C=10.0, class_weight='balanced',
                                                loss='squared_epsilon_insensitive',
                                                max_iter=1000.0,
                                                random_state=12345),
                       cv=5)|onevsrestclassifier__n_jobs:1",confidence,Mixed,Mixed,3,0.02616196641438344,0.01843401011804955,0.02281847244795404,0.026846685254710147,0.02023375579024201,0.04736956667412684,0.09581625374730363
4,0.7584690854376087,893,same,5,"memory:None|steps:[('standardscaler', StandardScaler()), ('onevsrestclassifier', OneVsRestClassifier(estimator=CalibratedClassifierCV(base_estimator=LinearSVC(C=10.0,
                                                                              class_weight='balanced',
                                                                              loss='squared_epsilon_insensitive',
                                                                              max_iter=1000.0,
                                                                              random_state=12345),
                                                     cv=5),
                    n_jobs=1))]|verbose:False|standardscaler:StandardScaler()|onevsrestclassifier:OneVsRestClassifier(estimator=CalibratedClassifierCV(base_estimator=LinearSVC(C=10.0,
                                                                              class_weight='balanced',
                                                                              loss='squared_epsilon_insensitive',
                                                                              max_iter=1000.0,
                                                                              random_state=12345),
                                                     cv=5),
                    n_jobs=1)|standardscaler__copy:True|standardscaler__with_mean:True|standardscaler__with_std:True|onevsrestclassifier__estimator__base_estimator__C:10.0|onevsrestclassifier__estimator__base_estimator__class_weight:balanced|onevsrestclassifier__estimator__base_estimator__dual:True|onevsrestclassifier__estimator__base_estimator__fit_intercept:True|onevsrestclassifier__estimator__base_estimator__intercept_scaling:1|onevsrestclassifier__estimator__base_estimator__loss:squared_epsilon_insensitive|onevsrestclassifier__estimator__base_estimator__max_iter:1000.0|onevsrestclassifier__estimator__base_estimator__multi_class:ovr|onevsrestclassifier__estimator__base_estimator__penalty:l2|onevsrestclassifier__estimator__base_estimator__random_state:12345|onevsrestclassifier__estimator__base_estimator__tol:0.0001|onevsrestclassifier__estimator__base_estimator__verbose:0|onevsrestclassifier__estimator__base_estimator:LinearSVC(C=10.0, class_weight='balanced', loss='squared_epsilon_insensitive',
          max_iter=1000.0, random_state=12345)|onevsrestclassifier__estimator__cv:5|onevsrestclassifier__estimator__ensemble:True|onevsrestclassifier__estimator__method:sigmoid|onevsrestclassifier__estimator__n_jobs:None|onevsrestclassifier__estimator:CalibratedClassifierCV(base_estimator=LinearSVC(C=10.0, class_weight='balanced',
                                                loss='squared_epsilon_insensitive',
                                                max_iter=1000.0,
                                                random_state=12345),
                       cv=5)|onevsrestclassifier__n_jobs:1",confidence,Mixed,Mixed,4,0.023508054682388584,0.020092312026417276,0.01967364732002743,0.030644024392223336,0.0245866168494242,0.05141040974079219,0.10832134291329248
4,0.7584690854376087,893,same,5,"memory:None|steps:[('standardscaler', StandardScaler()), ('onevsrestclassifier', OneVsRestClassifier(estimator=CalibratedClassifierCV(base_estimator=LinearSVC(C=10.0,
                                                                              class_weight='balanced',
                                                                              loss='squared_epsilon_insensitive',
                                                                              max_iter=1000.0,
                                                                              random_state=12345),
                                                     cv=5),
                    n_jobs=1))]|verbose:False|standardscaler:StandardScaler()|onevsrestclassifier:OneVsRestClassifier(estimator=CalibratedClassifierCV(base_estimator=LinearSVC(C=10.0,
                                                                              class_weight='balanced',
                                                                              loss='squared_epsilon_insensitive',
                                                                              max_iter=1000.0,
                                                                              random_state=12345),
                                                     cv=5),
                    n_jobs=1)|standardscaler__copy:True|standardscaler__with_mean:True|standardscaler__with_std:True|onevsrestclassifier__estimator__base_estimator__C:10.0|onevsrestclassifier__estimator__base_estimator__class_weight:balanced|onevsrestclassifier__estimator__base_estimator__dual:True|onevsrestclassifier__estimator__base_estimator__fit_intercept:True|onevsrestclassifier__estimator__base_estimator__intercept_scaling:1|onevsrestclassifier__estimator__base_estimator__loss:squared_epsilon_insensitive|onevsrestclassifier__estimator__base_estimator__max_iter:1000.0|onevsrestclassifier__estimator__base_estimator__multi_class:ovr|onevsrestclassifier__estimator__base_estimator__penalty:l2|onevsrestclassifier__estimator__base_estimator__random_state:12345|onevsrestclassifier__estimator__base_estimator__tol:0.0001|onevsrestclassifier__estimator__base_estimator__verbose:0|onevsrestclassifier__estimator__base_estimator:LinearSVC(C=10.0, class_weight='balanced', loss='squared_epsilon_insensitive',
          max_iter=1000.0, random_state=12345)|onevsrestclassifier__estimator__cv:5|onevsrestclassifier__estimator__ensemble:True|onevsrestclassifier__estimator__method:sigmoid|onevsrestclassifier__estimator__n_jobs:None|onevsrestclassifier__estimator:CalibratedClassifierCV(base_estimator=LinearSVC(C=10.0, class_weight='balanced',
                                                loss='squared_epsilon_insensitive',
                                                max_iter=1000.0,
                                                random_state=12345),
                       cv=5)|onevsrestclassifier__n_jobs:1",confidence,Mixed,Mixed,5,0.02669427391972925,0.017148126725558637,0.027483496857505372,0.024702816910355332,0.028467765771042132,0.04883871001576698,0.10600024175390187
5,0.6747218510170243,893,same,6,"memory:None|steps:[('standardscaler', StandardScaler()), ('onevsrestclassifier', OneVsRestClassifier(estimator=CalibratedClassifierCV(base_estimator=LinearSVC(class_weight='balanced',
                                                                              loss='squared_epsilon_insensitive',
                                                                              max_iter=1000.0,
                                                                              random_state=12345),
                                                     cv=5),
                    n_jobs=1))]|verbose:False|standardscaler:StandardScaler()|onevsrestclassifier:OneVsRestClassifier(estimator=CalibratedClassifierCV(base_estimator=LinearSVC(class_weight='balanced',
                                                                              loss='squared_epsilon_insensitive',
                                                                              max_iter=1000.0,
                                                                              random_state=12345),
                                                     cv=5),
                    n_jobs=1)|standardscaler__copy:True|standardscaler__with_mean:True|standardscaler__with_std:True|onevsrestclassifier__estimator__base_estimator__C:1.0|onevsrestclassifier__estimator__base_estimator__class_weight:balanced|onevsrestclassifier__estimator__base_estimator__dual:True|onevsrestclassifier__estimator__base_estimator__fit_intercept:True|onevsrestclassifier__estimator__base_estimator__intercept_scaling:1|onevsrestclassifier__estimator__base_estimator__loss:squared_epsilon_insensitive|onevsrestclassifier__estimator__base_estimator__max_iter:1000.0|onevsrestclassifier__estimator__base_estimator__multi_class:ovr|onevsrestclassifier__estimator__base_estimator__penalty:l2|onevsrestclassifier__estimator__base_estimator__random_state:12345|onevsrestclassifier__estimator__base_estimator__tol:0.0001|onevsrestclassifier__estimator__base_estimator__verbose:0|onevsrestclassifier__estimator__base_estimator:LinearSVC(class_weight='balanced', loss='squared_epsilon_insensitive',
          max_iter=1000.0, random_state=12345)|onevsrestclassifier__estimator__cv:5|onevsrestclassifier__estimator__ensemble:True|onevsrestclassifier__estimator__method:sigmoid|onevsrestclassifier__estimator__n_jobs:None|onevsrestclassifier__estimator:CalibratedClassifierCV(base_estimator=LinearSVC(class_weight='balanced',
                                                loss='squared_epsilon_insensitive',
                                                max_iter=1000.0,
                                                random_state=12345),
                       cv=5)|onevsrestclassifier__n_jobs:1",confidence,Mixed,Mixed,1,0.026182509474206382,0.019478076981229654,0.026793108485145996,0.03404335757830763,0.022909651958660796,0.0497096266904653,0.09433972471107686
5,0.6747218510170243,893,same,6,"memory:None|steps:[('standardscaler', StandardScaler()), ('onevsrestclassifier', OneVsRestClassifier(estimator=CalibratedClassifierCV(base_estimator=LinearSVC(class_weight='balanced',
                                                                              loss='squared_epsilon_insensitive',
                                                                              max_iter=1000.0,
                                                                              random_state=12345),
                                                     cv=5),
                    n_jobs=1))]|verbose:False|standardscaler:StandardScaler()|onevsrestclassifier:OneVsRestClassifier(estimator=CalibratedClassifierCV(base_estimator=LinearSVC(class_weight='balanced',
                                                                              loss='squared_epsilon_insensitive',
                                                                              max_iter=1000.0,
                                                                              random_state=12345),
                                                     cv=5),
                    n_jobs=1)|standardscaler__copy:True|standardscaler__with_mean:True|standardscaler__with_std:True|onevsrestclassifier__estimator__base_estimator__C:1.0|onevsrestclassifier__estimator__base_estimator__class_weight:balanced|onevsrestclassifier__estimator__base_estimator__dual:True|onevsrestclassifier__estimator__base_estimator__fit_intercept:True|onevsrestclassifier__estimator__base_estimator__intercept_scaling:1|onevsrestclassifier__estimator__base_estimator__loss:squared_epsilon_insensitive|onevsrestclassifier__estimator__base_estimator__max_iter:1000.0|onevsrestclassifier__estimator__base_estimator__multi_class:ovr|onevsrestclassifier__estimator__base_estimator__penalty:l2|onevsrestclassifier__estimator__base_estimator__random_state:12345|onevsrestclassifier__estimator__base_estimator__tol:0.0001|onevsrestclassifier__estimator__base_estimator__verbose:0|onevsrestclassifier__estimator__base_estimator:LinearSVC(class_weight='balanced', loss='squared_epsilon_insensitive',
          max_iter=1000.0, random_state=12345)|onevsrestclassifier__estimator__cv:5|onevsrestclassifier__estimator__ensemble:True|onevsrestclassifier__estimator__method:sigmoid|onevsrestclassifier__estimator__n_jobs:None|onevsrestclassifier__estimator:CalibratedClassifierCV(base_estimator=LinearSVC(class_weight='balanced',
                                                loss='squared_epsilon_insensitive',
                                                max_iter=1000.0,
                                                random_state=12345),
                       cv=5)|onevsrestclassifier__n_jobs:1",confidence,Mixed,Mixed,2,0.02158832986452605,0.01635884155233186,0.02402002285233239,0.03195688318558496,0.019582035894945386,0.04474082156064014,0.0919663274399356
5,0.6747218510170243,893,same,6,"memory:None|steps:[('standardscaler', StandardScaler()), ('onevsrestclassifier', OneVsRestClassifier(estimator=CalibratedClassifierCV(base_estimator=LinearSVC(class_weight='balanced',
                                                                              loss='squared_epsilon_insensitive',
                                                                              max_iter=1000.0,
                                                                              random_state=12345),
                                                     cv=5),
                    n_jobs=1))]|verbose:False|standardscaler:StandardScaler()|onevsrestclassifier:OneVsRestClassifier(estimator=CalibratedClassifierCV(base_estimator=LinearSVC(class_weight='balanced',
                                                                              loss='squared_epsilon_insensitive',
                                                                              max_iter=1000.0,
                                                                              random_state=12345),
                                                     cv=5),
                    n_jobs=1)|standardscaler__copy:True|standardscaler__with_mean:True|standardscaler__with_std:True|onevsrestclassifier__estimator__base_estimator__C:1.0|onevsrestclassifier__estimator__base_estimator__class_weight:balanced|onevsrestclassifier__estimator__base_estimator__dual:True|onevsrestclassifier__estimator__base_estimator__fit_intercept:True|onevsrestclassifier__estimator__base_estimator__intercept_scaling:1|onevsrestclassifier__estimator__base_estimator__loss:squared_epsilon_insensitive|onevsrestclassifier__estimator__base_estimator__max_iter:1000.0|onevsrestclassifier__estimator__base_estimator__multi_class:ovr|onevsrestclassifier__estimator__base_estimator__penalty:l2|onevsrestclassifier__estimator__base_estimator__random_state:12345|onevsrestclassifier__estimator__base_estimator__tol:0.0001|onevsrestclassifier__estimator__base_estimator__verbose:0|onevsrestclassifier__estimator__base_estimator:LinearSVC(class_weight='balanced', loss='squared_epsilon_insensitive',
          max_iter=1000.0, random_state=12345)|onevsrestclassifier__estimator__cv:5|onevsrestclassifier__estimator__ensemble:True|onevsrestclassifier__estimator__method:sigmoid|onevsrestclassifier__estimator__n_jobs:None|onevsrestclassifier__estimator:CalibratedClassifierCV(base_estimator=LinearSVC(class_weight='balanced',
                                                loss='squared_epsilon_insensitive',
                                                max_iter=1000.0,
                                                random_state=12345),
                       cv=5)|onevsrestclassifier__n_jobs:1",confidence,Mixed,Mixed,3,0.024523602517198047,0.021744367826402114,0.024616253987838174,0.029231327252465182,0.022735132238793258,0.046361988868047994,0.09481123494718016
5,0.6747218510170243,893,same,6,"memory:None|steps:[('standardscaler', StandardScaler()), ('onevsrestclassifier', OneVsRestClassifier(estimator=CalibratedClassifierCV(base_estimator=LinearSVC(class_weight='balanced',
                                                                              loss='squared_epsilon_insensitive',
                                                                              max_iter=1000.0,
                                                                              random_state=12345),
                                                     cv=5),
                    n_jobs=1))]|verbose:False|standardscaler:StandardScaler()|onevsrestclassifier:OneVsRestClassifier(estimator=CalibratedClassifierCV(base_estimator=LinearSVC(class_weight='balanced',
                                                                              loss='squared_epsilon_insensitive',
                                                                              max_iter=1000.0,
                                                                              random_state=12345),
                                                     cv=5),
                    n_jobs=1)|standardscaler__copy:True|standardscaler__with_mean:True|standardscaler__with_std:True|onevsrestclassifier__estimator__base_estimator__C:1.0|onevsrestclassifier__estimator__base_estimator__class_weight:balanced|onevsrestclassifier__estimator__base_estimator__dual:True|onevsrestclassifier__estimator__base_estimator__fit_intercept:True|onevsrestclassifier__estimator__base_estimator__intercept_scaling:1|onevsrestclassifier__estimator__base_estimator__loss:squared_epsilon_insensitive|onevsrestclassifier__estimator__base_estimator__max_iter:1000.0|onevsrestclassifier__estimator__base_estimator__multi_class:ovr|onevsrestclassifier__estimator__base_estimator__penalty:l2|onevsrestclassifier__estimator__base_estimator__random_state:12345|onevsrestclassifier__estimator__base_estimator__tol:0.0001|onevsrestclassifier__estimator__base_estimator__verbose:0|onevsrestclassifier__estimator__base_estimator:LinearSVC(class_weight='balanced', loss='squared_epsilon_insensitive',
          max_iter=1000.0, random_state=12345)|onevsrestclassifier__estimator__cv:5|onevsrestclassifier__estimator__ensemble:True|onevsrestclassifier__estimator__method:sigmoid|onevsrestclassifier__estimator__n_jobs:None|onevsrestclassifier__estimator:CalibratedClassifierCV(base_estimator=LinearSVC(class_weight='balanced',
                                                loss='squared_epsilon_insensitive',
                                                max_iter=1000.0,
                                                random_state=12345),
                       cv=5)|onevsrestclassifier__n_jobs:1",confidence,Mixed,Mixed,4,0.02073073259468925,0.021584986668922383,0.020904106854459436,0.032745991505153116,0.02459341786478036,0.05000857943322957,0.10482038488004511
5,0.6747218510170243,893,same,6,"memory:None|steps:[('standardscaler', StandardScaler()), ('onevsrestclassifier', OneVsRestClassifier(estimator=CalibratedClassifierCV(base_estimator=LinearSVC(class_weight='balanced',
                                                                              loss='squared_epsilon_insensitive',
                                                                              max_iter=1000.0,
                                                                              random_state=12345),
                                                     cv=5),
                    n_jobs=1))]|verbose:False|standardscaler:StandardScaler()|onevsrestclassifier:OneVsRestClassifier(estimator=CalibratedClassifierCV(base_estimator=LinearSVC(class_weight='balanced',
                                                                              loss='squared_epsilon_insensitive',
                                                                              max_iter=1000.0,
                                                                              random_state=12345),
                                                     cv=5),
                    n_jobs=1)|standardscaler__copy:True|standardscaler__with_mean:True|standardscaler__with_std:True|onevsrestclassifier__estimator__base_estimator__C:1.0|onevsrestclassifier__estimator__base_estimator__class_weight:balanced|onevsrestclassifier__estimator__base_estimator__dual:True|onevsrestclassifier__estimator__base_estimator__fit_intercept:True|onevsrestclassifier__estimator__base_estimator__intercept_scaling:1|onevsrestclassifier__estimator__base_estimator__loss:squared_epsilon_insensitive|onevsrestclassifier__estimator__base_estimator__max_iter:1000.0|onevsrestclassifier__estimator__base_estimator__multi_class:ovr|onevsrestclassifier__estimator__base_estimator__penalty:l2|onevsrestclassifier__estimator__base_estimator__random_state:12345|onevsrestclassifier__estimator__base_estimator__tol:0.0001|onevsrestclassifier__estimator__base_estimator__verbose:0|onevsrestclassifier__estimator__base_estimator:LinearSVC(class_weight='balanced', loss='squared_epsilon_insensitive',
          max_iter=1000.0, random_state=12345)|onevsrestclassifier__estimator__cv:5|onevsrestclassifier__estimator__ensemble:True|onevsrestclassifier__estimator__method:sigmoid|onevsrestclassifier__estimator__n_jobs:None|onevsrestclassifier__estimator:CalibratedClassifierCV(base_estimator=LinearSVC(class_weight='balanced',
                                                loss='squared_epsilon_insensitive',
                                                max_iter=1000.0,
                                                random_state=12345),
                       cv=5)|onevsrestclassifier__n_jobs:1",confidence,Mixed,Mixed,5,0.025225896889616375,0.01964148467327508,0.027492410667754222,0.027821614425107957,0.02979919049795647,0.04917045617997457,0.10152499334076936
6,0.5484527394824796,893,same,7,"memory:None|steps:[('standardscaler', StandardScaler()), ('onevsrestclassifier', OneVsRestClassifier(estimator=CalibratedClassifierCV(base_estimator=LinearSVC(C=10.0,
                                                                              class_weight='balanced',
                                                                              loss='squared_epsilon_insensitive',
                                                                              max_iter=1000.0,
                                                                              random_state=12345),
                                                     cv=5),
                    n_jobs=1))]|verbose:False|standardscaler:StandardScaler()|onevsrestclassifier:OneVsRestClassifier(estimator=CalibratedClassifierCV(base_estimator=LinearSVC(C=10.0,
                                                                              class_weight='balanced',
                                                                              loss='squared_epsilon_insensitive',
                                                                              max_iter=1000.0,
                                                                              random_state=12345),
                                                     cv=5),
                    n_jobs=1)|standardscaler__copy:True|standardscaler__with_mean:True|standardscaler__with_std:True|onevsrestclassifier__estimator__base_estimator__C:10.0|onevsrestclassifier__estimator__base_estimator__class_weight:balanced|onevsrestclassifier__estimator__base_estimator__dual:True|onevsrestclassifier__estimator__base_estimator__fit_intercept:True|onevsrestclassifier__estimator__base_estimator__intercept_scaling:1|onevsrestclassifier__estimator__base_estimator__loss:squared_epsilon_insensitive|onevsrestclassifier__estimator__base_estimator__max_iter:1000.0|onevsrestclassifier__estimator__base_estimator__multi_class:ovr|onevsrestclassifier__estimator__base_estimator__penalty:l2|onevsrestclassifier__estimator__base_estimator__random_state:12345|onevsrestclassifier__estimator__base_estimator__tol:0.0001|onevsrestclassifier__estimator__base_estimator__verbose:0|onevsrestclassifier__estimator__base_estimator:LinearSVC(C=10.0, class_weight='balanced', loss='squared_epsilon_insensitive',
          max_iter=1000.0, random_state=12345)|onevsrestclassifier__estimator__cv:5|onevsrestclassifier__estimator__ensemble:True|onevsrestclassifier__estimator__method:sigmoid|onevsrestclassifier__estimator__n_jobs:None|onevsrestclassifier__estimator:CalibratedClassifierCV(base_estimator=LinearSVC(C=10.0, class_weight='balanced',
                                                loss='squared_epsilon_insensitive',
                                                max_iter=1000.0,
                                                random_state=12345),
                       cv=5)|onevsrestclassifier__n_jobs:1",confidence,Mixed,Mixed,1,0.02652190724358725,0.019136568906999687,0.031082047745813666,0.03004830395299428,0.01947676651637195,0.05192459825089194,0.09551631350877848
6,0.5484527394824796,893,same,7,"memory:None|steps:[('standardscaler', StandardScaler()), ('onevsrestclassifier', OneVsRestClassifier(estimator=CalibratedClassifierCV(base_estimator=LinearSVC(C=10.0,
                                                                              class_weight='balanced',
                                                                              loss='squared_epsilon_insensitive',
                                                                              max_iter=1000.0,
                                                                              random_state=12345),
                                                     cv=5),
                    n_jobs=1))]|verbose:False|standardscaler:StandardScaler()|onevsrestclassifier:OneVsRestClassifier(estimator=CalibratedClassifierCV(base_estimator=LinearSVC(C=10.0,
                                                                              class_weight='balanced',
                                                                              loss='squared_epsilon_insensitive',
                                                                              max_iter=1000.0,
                                                                              random_state=12345),
                                                     cv=5),
                    n_jobs=1)|standardscaler__copy:True|standardscaler__with_mean:True|standardscaler__with_std:True|onevsrestclassifier__estimator__base_estimator__C:10.0|onevsrestclassifier__estimator__base_estimator__class_weight:balanced|onevsrestclassifier__estimator__base_estimator__dual:True|onevsrestclassifier__estimator__base_estimator__fit_intercept:True|onevsrestclassifier__estimator__base_estimator__intercept_scaling:1|onevsrestclassifier__estimator__base_estimator__loss:squared_epsilon_insensitive|onevsrestclassifier__estimator__base_estimator__max_iter:1000.0|onevsrestclassifier__estimator__base_estimator__multi_class:ovr|onevsrestclassifier__estimator__base_estimator__penalty:l2|onevsrestclassifier__estimator__base_estimator__random_state:12345|onevsrestclassifier__estimator__base_estimator__tol:0.0001|onevsrestclassifier__estimator__base_estimator__verbose:0|onevsrestclassifier__estimator__base_estimator:LinearSVC(C=10.0, class_weight='balanced', loss='squared_epsilon_insensitive',
          max_iter=1000.0, random_state=12345)|onevsrestclassifier__estimator__cv:5|onevsrestclassifier__estimator__ensemble:True|onevsrestclassifier__estimator__method:sigmoid|onevsrestclassifier__estimator__n_jobs:None|onevsrestclassifier__estimator:CalibratedClassifierCV(base_estimator=LinearSVC(C=10.0, class_weight='balanced',
                                                loss='squared_epsilon_insensitive',
                                                max_iter=1000.0,
                                                random_state=12345),
                       cv=5)|onevsrestclassifier__n_jobs:1",confidence,Mixed,Mixed,2,0.025061110966869644,0.01520825369878948,0.029462316060489692,0.032963291499039545,0.02047375148700333,0.04763168138268461,0.09743555878248072
6,0.5484527394824796,893,same,7,"memory:None|steps:[('standardscaler', StandardScaler()), ('onevsrestclassifier', OneVsRestClassifier(estimator=CalibratedClassifierCV(base_estimator=LinearSVC(C=10.0,
                                                                              class_weight='balanced',
                                                                              loss='squared_epsilon_insensitive',
                                                                              max_iter=1000.0,
                                                                              random_state=12345),
                                                     cv=5),
                    n_jobs=1))]|verbose:False|standardscaler:StandardScaler()|onevsrestclassifier:OneVsRestClassifier(estimator=CalibratedClassifierCV(base_estimator=LinearSVC(C=10.0,
                                                                              class_weight='balanced',
                                                                              loss='squared_epsilon_insensitive',
                                                                              max_iter=1000.0,
                                                                              random_state=12345),
                                                     cv=5),
                    n_jobs=1)|standardscaler__copy:True|standardscaler__with_mean:True|standardscaler__with_std:True|onevsrestclassifier__estimator__base_estimator__C:10.0|onevsrestclassifier__estimator__base_estimator__class_weight:balanced|onevsrestclassifier__estimator__base_estimator__dual:True|onevsrestclassifier__estimator__base_estimator__fit_intercept:True|onevsrestclassifier__estimator__base_estimator__intercept_scaling:1|onevsrestclassifier__estimator__base_estimator__loss:squared_epsilon_insensitive|onevsrestclassifier__estimator__base_estimator__max_iter:1000.0|onevsrestclassifier__estimator__base_estimator__multi_class:ovr|onevsrestclassifier__estimator__base_estimator__penalty:l2|onevsrestclassifier__estimator__base_estimator__random_state:12345|onevsrestclassifier__estimator__base_estimator__tol:0.0001|onevsrestclassifier__estimator__base_estimator__verbose:0|onevsrestclassifier__estimator__base_estimator:LinearSVC(C=10.0, class_weight='balanced', loss='squared_epsilon_insensitive',
          max_iter=1000.0, random_state=12345)|onevsrestclassifier__estimator__cv:5|onevsrestclassifier__estimator__ensemble:True|onevsrestclassifier__estimator__method:sigmoid|onevsrestclassifier__estimator__n_jobs:None|onevsrestclassifier__estimator:CalibratedClassifierCV(base_estimator=LinearSVC(C=10.0, class_weight='balanced',
                                                loss='squared_epsilon_insensitive',
                                                max_iter=1000.0,
                                                random_state=12345),
                       cv=5)|onevsrestclassifier__n_jobs:1",confidence,Mixed,Mixed,3,0.028282613189271083,0.01659773234901767,0.02702777136360642,0.027359800248015646,0.0201576229471782,0.049832414592565454,0.09749296551570481
6,0.5484527394824796,893,same,7,"memory:None|steps:[('standardscaler', StandardScaler()), ('onevsrestclassifier', OneVsRestClassifier(estimator=CalibratedClassifierCV(base_estimator=LinearSVC(C=10.0,
                                                                              class_weight='balanced',
                                                                              loss='squared_epsilon_insensitive',
                                                                              max_iter=1000.0,
                                                                              random_state=12345),
                                                     cv=5),
                    n_jobs=1))]|verbose:False|standardscaler:StandardScaler()|onevsrestclassifier:OneVsRestClassifier(estimator=CalibratedClassifierCV(base_estimator=LinearSVC(C=10.0,
                                                                              class_weight='balanced',
                                                                              loss='squared_epsilon_insensitive',
                                                                              max_iter=1000.0,
                                                                              random_state=12345),
                                                     cv=5),
                    n_jobs=1)|standardscaler__copy:True|standardscaler__with_mean:True|standardscaler__with_std:True|onevsrestclassifier__estimator__base_estimator__C:10.0|onevsrestclassifier__estimator__base_estimator__class_weight:balanced|onevsrestclassifier__estimator__base_estimator__dual:True|onevsrestclassifier__estimator__base_estimator__fit_intercept:True|onevsrestclassifier__estimator__base_estimator__intercept_scaling:1|onevsrestclassifier__estimator__base_estimator__loss:squared_epsilon_insensitive|onevsrestclassifier__estimator__base_estimator__max_iter:1000.0|onevsrestclassifier__estimator__base_estimator__multi_class:ovr|onevsrestclassifier__estimator__base_estimator__penalty:l2|onevsrestclassifier__estimator__base_estimator__random_state:12345|onevsrestclassifier__estimator__base_estimator__tol:0.0001|onevsrestclassifier__estimator__base_estimator__verbose:0|onevsrestclassifier__estimator__base_estimator:LinearSVC(C=10.0, class_weight='balanced', loss='squared_epsilon_insensitive',
          max_iter=1000.0, random_state=12345)|onevsrestclassifier__estimator__cv:5|onevsrestclassifier__estimator__ensemble:True|onevsrestclassifier__estimator__method:sigmoid|onevsrestclassifier__estimator__n_jobs:None|onevsrestclassifier__estimator:CalibratedClassifierCV(base_estimator=LinearSVC(C=10.0, class_weight='balanced',
                                                loss='squared_epsilon_insensitive',
                                                max_iter=1000.0,
                                                random_state=12345),
                       cv=5)|onevsrestclassifier__n_jobs:1",confidence,Mixed,Mixed,4,0.024925310183130364,0.01703210391051403,0.022799722095660512,0.031141907056847065,0.02204630701003733,0.053027967256912556,0.10914242572276403
6,0.5484527394824796,893,same,7,"memory:None|steps:[('standardscaler', StandardScaler()), ('onevsrestclassifier', OneVsRestClassifier(estimator=CalibratedClassifierCV(base_estimator=LinearSVC(C=10.0,
                                                                              class_weight='balanced',
                                                                              loss='squared_epsilon_insensitive',
                                                                              max_iter=1000.0,
                                                                              random_state=12345),
                                                     cv=5),
                    n_jobs=1))]|verbose:False|standardscaler:StandardScaler()|onevsrestclassifier:OneVsRestClassifier(estimator=CalibratedClassifierCV(base_estimator=LinearSVC(C=10.0,
                                                                              class_weight='balanced',
                                                                              loss='squared_epsilon_insensitive',
                                                                              max_iter=1000.0,
                                                                              random_state=12345),
                                                     cv=5),
                    n_jobs=1)|standardscaler__copy:True|standardscaler__with_mean:True|standardscaler__with_std:True|onevsrestclassifier__estimator__base_estimator__C:10.0|onevsrestclassifier__estimator__base_estimator__class_weight:balanced|onevsrestclassifier__estimator__base_estimator__dual:True|onevsrestclassifier__estimator__base_estimator__fit_intercept:True|onevsrestclassifier__estimator__base_estimator__intercept_scaling:1|onevsrestclassifier__estimator__base_estimator__loss:squared_epsilon_insensitive|onevsrestclassifier__estimator__base_estimator__max_iter:1000.0|onevsrestclassifier__estimator__base_estimator__multi_class:ovr|onevsrestclassifier__estimator__base_estimator__penalty:l2|onevsrestclassifier__estimator__base_estimator__random_state:12345|onevsrestclassifier__estimator__base_estimator__tol:0.0001|onevsrestclassifier__estimator__base_estimator__verbose:0|onevsrestclassifier__estimator__base_estimator:LinearSVC(C=10.0, class_weight='balanced', loss='squared_epsilon_insensitive',
          max_iter=1000.0, random_state=12345)|onevsrestclassifier__estimator__cv:5|onevsrestclassifier__estimator__ensemble:True|onevsrestclassifier__estimator__method:sigmoid|onevsrestclassifier__estimator__n_jobs:None|onevsrestclassifier__estimator:CalibratedClassifierCV(base_estimator=LinearSVC(C=10.0, class_weight='balanced',
                                                loss='squared_epsilon_insensitive',
                                                max_iter=1000.0,
                                                random_state=12345),
                       cv=5)|onevsrestclassifier__n_jobs:1",confidence,Mixed,Mixed,5,0.029074666918144178,0.014350404377460085,0.031244573805817123,0.026036568994608423,0.028430237496979423,0.05168758895362176,0.10646732814511661
7,0.6166545071080256,893,same,8,"memory:None|steps:[('standardscaler', StandardScaler()), ('onevsrestclassifier', OneVsRestClassifier(estimator=CalibratedClassifierCV(base_estimator=LinearSVC(class_weight='balanced',
                                                                              loss='squared_epsilon_insensitive',
                                                                              max_iter=1000.0,
                                                                              random_state=12345),
                                                     cv=5),
                    n_jobs=1))]|verbose:False|standardscaler:StandardScaler()|onevsrestclassifier:OneVsRestClassifier(estimator=CalibratedClassifierCV(base_estimator=LinearSVC(class_weight='balanced',
                                                                              loss='squared_epsilon_insensitive',
                                                                              max_iter=1000.0,
                                                                              random_state=12345),
                                                     cv=5),
                    n_jobs=1)|standardscaler__copy:True|standardscaler__with_mean:True|standardscaler__with_std:True|onevsrestclassifier__estimator__base_estimator__C:1.0|onevsrestclassifier__estimator__base_estimator__class_weight:balanced|onevsrestclassifier__estimator__base_estimator__dual:True|onevsrestclassifier__estimator__base_estimator__fit_intercept:True|onevsrestclassifier__estimator__base_estimator__intercept_scaling:1|onevsrestclassifier__estimator__base_estimator__loss:squared_epsilon_insensitive|onevsrestclassifier__estimator__base_estimator__max_iter:1000.0|onevsrestclassifier__estimator__base_estimator__multi_class:ovr|onevsrestclassifier__estimator__base_estimator__penalty:l2|onevsrestclassifier__estimator__base_estimator__random_state:12345|onevsrestclassifier__estimator__base_estimator__tol:0.0001|onevsrestclassifier__estimator__base_estimator__verbose:0|onevsrestclassifier__estimator__base_estimator:LinearSVC(class_weight='balanced', loss='squared_epsilon_insensitive',
          max_iter=1000.0, random_state=12345)|onevsrestclassifier__estimator__cv:5|onevsrestclassifier__estimator__ensemble:True|onevsrestclassifier__estimator__method:sigmoid|onevsrestclassifier__estimator__n_jobs:None|onevsrestclassifier__estimator:CalibratedClassifierCV(base_estimator=LinearSVC(class_weight='balanced',
                                                loss='squared_epsilon_insensitive',
                                                max_iter=1000.0,
                                                random_state=12345),
                       cv=5)|onevsrestclassifier__n_jobs:1",confidence,Mixed,Mixed,1,0.024809744681204633,0.018901020962361785,0.025561800566161967,0.03156926085033891,0.022184230141761595,0.04739281614526421,0.09736852754904575
7,0.6166545071080256,893,same,8,"memory:None|steps:[('standardscaler', StandardScaler()), ('onevsrestclassifier', OneVsRestClassifier(estimator=CalibratedClassifierCV(base_estimator=LinearSVC(class_weight='balanced',
                                                                              loss='squared_epsilon_insensitive',
                                                                              max_iter=1000.0,
                                                                              random_state=12345),
                                                     cv=5),
                    n_jobs=1))]|verbose:False|standardscaler:StandardScaler()|onevsrestclassifier:OneVsRestClassifier(estimator=CalibratedClassifierCV(base_estimator=LinearSVC(class_weight='balanced',
                                                                              loss='squared_epsilon_insensitive',
                                                                              max_iter=1000.0,
                                                                              random_state=12345),
                                                     cv=5),
                    n_jobs=1)|standardscaler__copy:True|standardscaler__with_mean:True|standardscaler__with_std:True|onevsrestclassifier__estimator__base_estimator__C:1.0|onevsrestclassifier__estimator__base_estimator__class_weight:balanced|onevsrestclassifier__estimator__base_estimator__dual:True|onevsrestclassifier__estimator__base_estimator__fit_intercept:True|onevsrestclassifier__estimator__base_estimator__intercept_scaling:1|onevsrestclassifier__estimator__base_estimator__loss:squared_epsilon_insensitive|onevsrestclassifier__estimator__base_estimator__max_iter:1000.0|onevsrestclassifier__estimator__base_estimator__multi_class:ovr|onevsrestclassifier__estimator__base_estimator__penalty:l2|onevsrestclassifier__estimator__base_estimator__random_state:12345|onevsrestclassifier__estimator__base_estimator__tol:0.0001|onevsrestclassifier__estimator__base_estimator__verbose:0|onevsrestclassifier__estimator__base_estimator:LinearSVC(class_weight='balanced', loss='squared_epsilon_insensitive',
          max_iter=1000.0, random_state=12345)|onevsrestclassifier__estimator__cv:5|onevsrestclassifier__estimator__ensemble:True|onevsrestclassifier__estimator__method:sigmoid|onevsrestclassifier__estimator__n_jobs:None|onevsrestclassifier__estimator:CalibratedClassifierCV(base_estimator=LinearSVC(class_weight='balanced',
                                                loss='squared_epsilon_insensitive',
                                                max_iter=1000.0,
                                                random_state=12345),
                       cv=5)|onevsrestclassifier__n_jobs:1",confidence,Mixed,Mixed,2,0.024820479510028356,0.016471800854666208,0.02672841922332808,0.033574690236209674,0.020330480808716193,0.04891535140119653,0.09785280824902502
7,0.6166545071080256,893,same,8,"memory:None|steps:[('standardscaler', StandardScaler()), ('onevsrestclassifier', OneVsRestClassifier(estimator=CalibratedClassifierCV(base_estimator=LinearSVC(class_weight='balanced',
                                                                              loss='squared_epsilon_insensitive',
                                                                              max_iter=1000.0,
                                                                              random_state=12345),
                                                     cv=5),
                    n_jobs=1))]|verbose:False|standardscaler:StandardScaler()|onevsrestclassifier:OneVsRestClassifier(estimator=CalibratedClassifierCV(base_estimator=LinearSVC(class_weight='balanced',
                                                                              loss='squared_epsilon_insensitive',
                                                                              max_iter=1000.0,
                                                                              random_state=12345),
                                                     cv=5),
                    n_jobs=1)|standardscaler__copy:True|standardscaler__with_mean:True|standardscaler__with_std:True|onevsrestclassifier__estimator__base_estimator__C:1.0|onevsrestclassifier__estimator__base_estimator__class_weight:balanced|onevsrestclassifier__estimator__base_estimator__dual:True|onevsrestclassifier__estimator__base_estimator__fit_intercept:True|onevsrestclassifier__estimator__base_estimator__intercept_scaling:1|onevsrestclassifier__estimator__base_estimator__loss:squared_epsilon_insensitive|onevsrestclassifier__estimator__base_estimator__max_iter:1000.0|onevsrestclassifier__estimator__base_estimator__multi_class:ovr|onevsrestclassifier__estimator__base_estimator__penalty:l2|onevsrestclassifier__estimator__base_estimator__random_state:12345|onevsrestclassifier__estimator__base_estimator__tol:0.0001|onevsrestclassifier__estimator__base_estimator__verbose:0|onevsrestclassifier__estimator__base_estimator:LinearSVC(class_weight='balanced', loss='squared_epsilon_insensitive',
          max_iter=1000.0, random_state=12345)|onevsrestclassifier__estimator__cv:5|onevsrestclassifier__estimator__ensemble:True|onevsrestclassifier__estimator__method:sigmoid|onevsrestclassifier__estimator__n_jobs:None|onevsrestclassifier__estimator:CalibratedClassifierCV(base_estimator=LinearSVC(class_weight='balanced',
                                                loss='squared_epsilon_insensitive',
                                                max_iter=1000.0,
                                                random_state=12345),
                       cv=5)|onevsrestclassifier__n_jobs:1",confidence,Mixed,Mixed,3,0.026123781519120752,0.020727362454929527,0.025555492614667,0.027422357176142588,0.02126342022885671,0.047199297696755835,0.09969543594672817
7,0.6166545071080256,893,same,8,"memory:None|steps:[('standardscaler', StandardScaler()), ('onevsrestclassifier', OneVsRestClassifier(estimator=CalibratedClassifierCV(base_estimator=LinearSVC(class_weight='balanced',
                                                                              loss='squared_epsilon_insensitive',
                                                                              max_iter=1000.0,
                                                                              random_state=12345),
                                                     cv=5),
                    n_jobs=1))]|verbose:False|standardscaler:StandardScaler()|onevsrestclassifier:OneVsRestClassifier(estimator=CalibratedClassifierCV(base_estimator=LinearSVC(class_weight='balanced',
                                                                              loss='squared_epsilon_insensitive',
                                                                              max_iter=1000.0,
                                                                              random_state=12345),
                                                     cv=5),
                    n_jobs=1)|standardscaler__copy:True|standardscaler__with_mean:True|standardscaler__with_std:True|onevsrestclassifier__estimator__base_estimator__C:1.0|onevsrestclassifier__estimator__base_estimator__class_weight:balanced|onevsrestclassifier__estimator__base_estimator__dual:True|onevsrestclassifier__estimator__base_estimator__fit_intercept:True|onevsrestclassifier__estimator__base_estimator__intercept_scaling:1|onevsrestclassifier__estimator__base_estimator__loss:squared_epsilon_insensitive|onevsrestclassifier__estimator__base_estimator__max_iter:1000.0|onevsrestclassifier__estimator__base_estimator__multi_class:ovr|onevsrestclassifier__estimator__base_estimator__penalty:l2|onevsrestclassifier__estimator__base_estimator__random_state:12345|onevsrestclassifier__estimator__base_estimator__tol:0.0001|onevsrestclassifier__estimator__base_estimator__verbose:0|onevsrestclassifier__estimator__base_estimator:LinearSVC(class_weight='balanced', loss='squared_epsilon_insensitive',
          max_iter=1000.0, random_state=12345)|onevsrestclassifier__estimator__cv:5|onevsrestclassifier__estimator__ensemble:True|onevsrestclassifier__estimator__method:sigmoid|onevsrestclassifier__estimator__n_jobs:None|onevsrestclassifier__estimator:CalibratedClassifierCV(base_estimator=LinearSVC(class_weight='balanced',
                                                loss='squared_epsilon_insensitive',
                                                max_iter=1000.0,
                                                random_state=12345),
                       cv=5)|onevsrestclassifier__n_jobs:1",confidence,Mixed,Mixed,4,0.021054316772290537,0.020549867709274566,0.022267731194358743,0.031245262220315793,0.022974687671926293,0.05019532181805359,0.11032192631704614
7,0.6166545071080256,893,same,8,"memory:None|steps:[('standardscaler', StandardScaler()), ('onevsrestclassifier', OneVsRestClassifier(estimator=CalibratedClassifierCV(base_estimator=LinearSVC(class_weight='balanced',
                                                                              loss='squared_epsilon_insensitive',
                                                                              max_iter=1000.0,
                                                                              random_state=12345),
                                                     cv=5),
                    n_jobs=1))]|verbose:False|standardscaler:StandardScaler()|onevsrestclassifier:OneVsRestClassifier(estimator=CalibratedClassifierCV(base_estimator=LinearSVC(class_weight='balanced',
                                                                              loss='squared_epsilon_insensitive',
                                                                              max_iter=1000.0,
                                                                              random_state=12345),
                                                     cv=5),
                    n_jobs=1)|standardscaler__copy:True|standardscaler__with_mean:True|standardscaler__with_std:True|onevsrestclassifier__estimator__base_estimator__C:1.0|onevsrestclassifier__estimator__base_estimator__class_weight:balanced|onevsrestclassifier__estimator__base_estimator__dual:True|onevsrestclassifier__estimator__base_estimator__fit_intercept:True|onevsrestclassifier__estimator__base_estimator__intercept_scaling:1|onevsrestclassifier__estimator__base_estimator__loss:squared_epsilon_insensitive|onevsrestclassifier__estimator__base_estimator__max_iter:1000.0|onevsrestclassifier__estimator__base_estimator__multi_class:ovr|onevsrestclassifier__estimator__base_estimator__penalty:l2|onevsrestclassifier__estimator__base_estimator__random_state:12345|onevsrestclassifier__estimator__base_estimator__tol:0.0001|onevsrestclassifier__estimator__base_estimator__verbose:0|onevsrestclassifier__estimator__base_estimator:LinearSVC(class_weight='balanced', loss='squared_epsilon_insensitive',
          max_iter=1000.0, random_state=12345)|onevsrestclassifier__estimator__cv:5|onevsrestclassifier__estimator__ensemble:True|onevsrestclassifier__estimator__method:sigmoid|onevsrestclassifier__estimator__n_jobs:None|onevsrestclassifier__estimator:CalibratedClassifierCV(base_estimator=LinearSVC(class_weight='balanced',
                                                loss='squared_epsilon_insensitive',
                                                max_iter=1000.0,
                                                random_state=12345),
                       cv=5)|onevsrestclassifier__n_jobs:1",confidence,Mixed,Mixed,5,0.0260139819860847,0.017509165947896164,0.028132139617357492,0.024977941061292197,0.028164226794942893,0.0488874201175667,0.10691691441132287
8,0.7619680547794563,893,same,9,"memory:None|steps:[('standardscaler', StandardScaler()), ('onevsrestclassifier', OneVsRestClassifier(estimator=CalibratedClassifierCV(base_estimator=LinearSVC(C=10.0,
                                                                              class_weight='balanced',
                                                                              loss='squared_epsilon_insensitive',
                                                                              max_iter=1000.0,
                                                                              random_state=12345),
                                                     cv=5),
                    n_jobs=1))]|verbose:False|standardscaler:StandardScaler()|onevsrestclassifier:OneVsRestClassifier(estimator=CalibratedClassifierCV(base_estimator=LinearSVC(C=10.0,
                                                                              class_weight='balanced',
                                                                              loss='squared_epsilon_insensitive',
                                                                              max_iter=1000.0,
                                                                              random_state=12345),
                                                     cv=5),
                    n_jobs=1)|standardscaler__copy:True|standardscaler__with_mean:True|standardscaler__with_std:True|onevsrestclassifier__estimator__base_estimator__C:10.0|onevsrestclassifier__estimator__base_estimator__class_weight:balanced|onevsrestclassifier__estimator__base_estimator__dual:True|onevsrestclassifier__estimator__base_estimator__fit_intercept:True|onevsrestclassifier__estimator__base_estimator__intercept_scaling:1|onevsrestclassifier__estimator__base_estimator__loss:squared_epsilon_insensitive|onevsrestclassifier__estimator__base_estimator__max_iter:1000.0|onevsrestclassifier__estimator__base_estimator__multi_class:ovr|onevsrestclassifier__estimator__base_estimator__penalty:l2|onevsrestclassifier__estimator__base_estimator__random_state:12345|onevsrestclassifier__estimator__base_estimator__tol:0.0001|onevsrestclassifier__estimator__base_estimator__verbose:0|onevsrestclassifier__estimator__base_estimator:LinearSVC(C=10.0, class_weight='balanced', loss='squared_epsilon_insensitive',
          max_iter=1000.0, random_state=12345)|onevsrestclassifier__estimator__cv:5|onevsrestclassifier__estimator__ensemble:True|onevsrestclassifier__estimator__method:sigmoid|onevsrestclassifier__estimator__n_jobs:None|onevsrestclassifier__estimator:CalibratedClassifierCV(base_estimator=LinearSVC(C=10.0, class_weight='balanced',
                                                loss='squared_epsilon_insensitive',
                                                max_iter=1000.0,
                                                random_state=12345),
                       cv=5)|onevsrestclassifier__n_jobs:1",confidence,Mixed,Mixed,1,0.02714555125533269,0.01801674688454309,0.02443902982085755,0.033569829636070414,0.023937622662771947,0.0452714896153562,0.09141583407256602
8,0.7619680547794563,893,same,9,"memory:None|steps:[('standardscaler', StandardScaler()), ('onevsrestclassifier', OneVsRestClassifier(estimator=CalibratedClassifierCV(base_estimator=LinearSVC(C=10.0,
                                                                              class_weight='balanced',
                                                                              loss='squared_epsilon_insensitive',
                                                                              max_iter=1000.0,
                                                                              random_state=12345),
                                                     cv=5),
                    n_jobs=1))]|verbose:False|standardscaler:StandardScaler()|onevsrestclassifier:OneVsRestClassifier(estimator=CalibratedClassifierCV(base_estimator=LinearSVC(C=10.0,
                                                                              class_weight='balanced',
                                                                              loss='squared_epsilon_insensitive',
                                                                              max_iter=1000.0,
                                                                              random_state=12345),
                                                     cv=5),
                    n_jobs=1)|standardscaler__copy:True|standardscaler__with_mean:True|standardscaler__with_std:True|onevsrestclassifier__estimator__base_estimator__C:10.0|onevsrestclassifier__estimator__base_estimator__class_weight:balanced|onevsrestclassifier__estimator__base_estimator__dual:True|onevsrestclassifier__estimator__base_estimator__fit_intercept:True|onevsrestclassifier__estimator__base_estimator__intercept_scaling:1|onevsrestclassifier__estimator__base_estimator__loss:squared_epsilon_insensitive|onevsrestclassifier__estimator__base_estimator__max_iter:1000.0|onevsrestclassifier__estimator__base_estimator__multi_class:ovr|onevsrestclassifier__estimator__base_estimator__penalty:l2|onevsrestclassifier__estimator__base_estimator__random_state:12345|onevsrestclassifier__estimator__base_estimator__tol:0.0001|onevsrestclassifier__estimator__base_estimator__verbose:0|onevsrestclassifier__estimator__base_estimator:LinearSVC(C=10.0, class_weight='balanced', loss='squared_epsilon_insensitive',
          max_iter=1000.0, random_state=12345)|onevsrestclassifier__estimator__cv:5|onevsrestclassifier__estimator__ensemble:True|onevsrestclassifier__estimator__method:sigmoid|onevsrestclassifier__estimator__n_jobs:None|onevsrestclassifier__estimator:CalibratedClassifierCV(base_estimator=LinearSVC(C=10.0, class_weight='balanced',
                                                loss='squared_epsilon_insensitive',
                                                max_iter=1000.0,
                                                random_state=12345),
                       cv=5)|onevsrestclassifier__n_jobs:1",confidence,Mixed,Mixed,2,0.02624875581085774,0.015542220337071432,0.030855030699665154,0.034310084484377605,0.022091001692520523,0.04727741498209076,0.0944925843474587
8,0.7619680547794563,893,same,9,"memory:None|steps:[('standardscaler', StandardScaler()), ('onevsrestclassifier', OneVsRestClassifier(estimator=CalibratedClassifierCV(base_estimator=LinearSVC(C=10.0,
                                                                              class_weight='balanced',
                                                                              loss='squared_epsilon_insensitive',
                                                                              max_iter=1000.0,
                                                                              random_state=12345),
                                                     cv=5),
                    n_jobs=1))]|verbose:False|standardscaler:StandardScaler()|onevsrestclassifier:OneVsRestClassifier(estimator=CalibratedClassifierCV(base_estimator=LinearSVC(C=10.0,
                                                                              class_weight='balanced',
                                                                              loss='squared_epsilon_insensitive',
                                                                              max_iter=1000.0,
                                                                              random_state=12345),
                                                     cv=5),
                    n_jobs=1)|standardscaler__copy:True|standardscaler__with_mean:True|standardscaler__with_std:True|onevsrestclassifier__estimator__base_estimator__C:10.0|onevsrestclassifier__estimator__base_estimator__class_weight:balanced|onevsrestclassifier__estimator__base_estimator__dual:True|onevsrestclassifier__estimator__base_estimator__fit_intercept:True|onevsrestclassifier__estimator__base_estimator__intercept_scaling:1|onevsrestclassifier__estimator__base_estimator__loss:squared_epsilon_insensitive|onevsrestclassifier__estimator__base_estimator__max_iter:1000.0|onevsrestclassifier__estimator__base_estimator__multi_class:ovr|onevsrestclassifier__estimator__base_estimator__penalty:l2|onevsrestclassifier__estimator__base_estimator__random_state:12345|onevsrestclassifier__estimator__base_estimator__tol:0.0001|onevsrestclassifier__estimator__base_estimator__verbose:0|onevsrestclassifier__estimator__base_estimator:LinearSVC(C=10.0, class_weight='balanced', loss='squared_epsilon_insensitive',
          max_iter=1000.0, random_state=12345)|onevsrestclassifier__estimator__cv:5|onevsrestclassifier__estimator__ensemble:True|onevsrestclassifier__estimator__method:sigmoid|onevsrestclassifier__estimator__n_jobs:None|onevsrestclassifier__estimator:CalibratedClassifierCV(base_estimator=LinearSVC(C=10.0, class_weight='balanced',
                                                loss='squared_epsilon_insensitive',
                                                max_iter=1000.0,
                                                random_state=12345),
                       cv=5)|onevsrestclassifier__n_jobs:1",confidence,Mixed,Mixed,3,0.024858540219976757,0.01725256340108003,0.02240926354391023,0.024729544768483953,0.01838677814082683,0.043998799203430264,0.09068763261297581
8,0.7619680547794563,893,same,9,"memory:None|steps:[('standardscaler', StandardScaler()), ('onevsrestclassifier', OneVsRestClassifier(estimator=CalibratedClassifierCV(base_estimator=LinearSVC(C=10.0,
                                                                              class_weight='balanced',
                                                                              loss='squared_epsilon_insensitive',
                                                                              max_iter=1000.0,
                                                                              random_state=12345),
                                                     cv=5),
                    n_jobs=1))]|verbose:False|standardscaler:StandardScaler()|onevsrestclassifier:OneVsRestClassifier(estimator=CalibratedClassifierCV(base_estimator=LinearSVC(C=10.0,
                                                                              class_weight='balanced',
                                                                              loss='squared_epsilon_insensitive',
                                                                              max_iter=1000.0,
                                                                              random_state=12345),
                                                     cv=5),
                    n_jobs=1)|standardscaler__copy:True|standardscaler__with_mean:True|standardscaler__with_std:True|onevsrestclassifier__estimator__base_estimator__C:10.0|onevsrestclassifier__estimator__base_estimator__class_weight:balanced|onevsrestclassifier__estimator__base_estimator__dual:True|onevsrestclassifier__estimator__base_estimator__fit_intercept:True|onevsrestclassifier__estimator__base_estimator__intercept_scaling:1|onevsrestclassifier__estimator__base_estimator__loss:squared_epsilon_insensitive|onevsrestclassifier__estimator__base_estimator__max_iter:1000.0|onevsrestclassifier__estimator__base_estimator__multi_class:ovr|onevsrestclassifier__estimator__base_estimator__penalty:l2|onevsrestclassifier__estimator__base_estimator__random_state:12345|onevsrestclassifier__estimator__base_estimator__tol:0.0001|onevsrestclassifier__estimator__base_estimator__verbose:0|onevsrestclassifier__estimator__base_estimator:LinearSVC(C=10.0, class_weight='balanced', loss='squared_epsilon_insensitive',
          max_iter=1000.0, random_state=12345)|onevsrestclassifier__estimator__cv:5|onevsrestclassifier__estimator__ensemble:True|onevsrestclassifier__estimator__method:sigmoid|onevsrestclassifier__estimator__n_jobs:None|onevsrestclassifier__estimator:CalibratedClassifierCV(base_estimator=LinearSVC(C=10.0, class_weight='balanced',
                                                loss='squared_epsilon_insensitive',
                                                max_iter=1000.0,
                                                random_state=12345),
                       cv=5)|onevsrestclassifier__n_jobs:1",confidence,Mixed,Mixed,4,0.02463148812287288,0.019289094497967472,0.02021682371624465,0.032717697162830565,0.023073210539970496,0.04921288974724327,0.10362817824110578
8,0.7619680547794563,893,same,9,"memory:None|steps:[('standardscaler', StandardScaler()), ('onevsrestclassifier', OneVsRestClassifier(estimator=CalibratedClassifierCV(base_estimator=LinearSVC(C=10.0,
                                                                              class_weight='balanced',
                                                                              loss='squared_epsilon_insensitive',
                                                                              max_iter=1000.0,
                                                                              random_state=12345),
                                                     cv=5),
                    n_jobs=1))]|verbose:False|standardscaler:StandardScaler()|onevsrestclassifier:OneVsRestClassifier(estimator=CalibratedClassifierCV(base_estimator=LinearSVC(C=10.0,
                                                                              class_weight='balanced',
                                                                              loss='squared_epsilon_insensitive',
                                                                              max_iter=1000.0,
                                                                              random_state=12345),
                                                     cv=5),
                    n_jobs=1)|standardscaler__copy:True|standardscaler__with_mean:True|standardscaler__with_std:True|onevsrestclassifier__estimator__base_estimator__C:10.0|onevsrestclassifier__estimator__base_estimator__class_weight:balanced|onevsrestclassifier__estimator__base_estimator__dual:True|onevsrestclassifier__estimator__base_estimator__fit_intercept:True|onevsrestclassifier__estimator__base_estimator__intercept_scaling:1|onevsrestclassifier__estimator__base_estimator__loss:squared_epsilon_insensitive|onevsrestclassifier__estimator__base_estimator__max_iter:1000.0|onevsrestclassifier__estimator__base_estimator__multi_class:ovr|onevsrestclassifier__estimator__base_estimator__penalty:l2|onevsrestclassifier__estimator__base_estimator__random_state:12345|onevsrestclassifier__estimator__base_estimator__tol:0.0001|onevsrestclassifier__estimator__base_estimator__verbose:0|onevsrestclassifier__estimator__base_estimator:LinearSVC(C=10.0, class_weight='balanced', loss='squared_epsilon_insensitive',
          max_iter=1000.0, random_state=12345)|onevsrestclassifier__estimator__cv:5|onevsrestclassifier__estimator__ensemble:True|onevsrestclassifier__estimator__method:sigmoid|onevsrestclassifier__estimator__n_jobs:None|onevsrestclassifier__estimator:CalibratedClassifierCV(base_estimator=LinearSVC(C=10.0, class_weight='balanced',
                                                loss='squared_epsilon_insensitive',
                                                max_iter=1000.0,
                                                random_state=12345),
                       cv=5)|onevsrestclassifier__n_jobs:1",confidence,Mixed,Mixed,5,0.029092495500082458,0.01716904802146337,0.028212180741928668,0.02841754323117366,0.029996753116200415,0.047641737996150776,0.10088655505644784
9,0.8030982089478844,893,same,10,"memory:None|steps:[('standardscaler', StandardScaler()), ('onevsrestclassifier', OneVsRestClassifier(estimator=CalibratedClassifierCV(base_estimator=LinearSVC(C=10.0,
                                                                              class_weight='balanced',
                                                                              loss='squared_epsilon_insensitive',
                                                                              max_iter=1000.0,
                                                                              random_state=12345),
                                                     cv=5),
                    n_jobs=1))]|verbose:False|standardscaler:StandardScaler()|onevsrestclassifier:OneVsRestClassifier(estimator=CalibratedClassifierCV(base_estimator=LinearSVC(C=10.0,
                                                                              class_weight='balanced',
                                                                              loss='squared_epsilon_insensitive',
                                                                              max_iter=1000.0,
                                                                              random_state=12345),
                                                     cv=5),
                    n_jobs=1)|standardscaler__copy:True|standardscaler__with_mean:True|standardscaler__with_std:True|onevsrestclassifier__estimator__base_estimator__C:10.0|onevsrestclassifier__estimator__base_estimator__class_weight:balanced|onevsrestclassifier__estimator__base_estimator__dual:True|onevsrestclassifier__estimator__base_estimator__fit_intercept:True|onevsrestclassifier__estimator__base_estimator__intercept_scaling:1|onevsrestclassifier__estimator__base_estimator__loss:squared_epsilon_insensitive|onevsrestclassifier__estimator__base_estimator__max_iter:1000.0|onevsrestclassifier__estimator__base_estimator__multi_class:ovr|onevsrestclassifier__estimator__base_estimator__penalty:l2|onevsrestclassifier__estimator__base_estimator__random_state:12345|onevsrestclassifier__estimator__base_estimator__tol:0.0001|onevsrestclassifier__estimator__base_estimator__verbose:0|onevsrestclassifier__estimator__base_estimator:LinearSVC(C=10.0, class_weight='balanced', loss='squared_epsilon_insensitive',
          max_iter=1000.0, random_state=12345)|onevsrestclassifier__estimator__cv:5|onevsrestclassifier__estimator__ensemble:True|onevsrestclassifier__estimator__method:sigmoid|onevsrestclassifier__estimator__n_jobs:None|onevsrestclassifier__estimator:CalibratedClassifierCV(base_estimator=LinearSVC(C=10.0, class_weight='balanced',
                                                loss='squared_epsilon_insensitive',
                                                max_iter=1000.0,
                                                random_state=12345),
                       cv=5)|onevsrestclassifier__n_jobs:1",confidence,Mixed,Mixed,1,0.020485482730637244,0.011630159655538406,0.02192217439613894,0.03293474901533471,0.02394201439651717,0.04543797268906769,0.08939181700247126
9,0.8030982089478844,893,same,10,"memory:None|steps:[('standardscaler', StandardScaler()), ('onevsrestclassifier', OneVsRestClassifier(estimator=CalibratedClassifierCV(base_estimator=LinearSVC(C=10.0,
                                                                              class_weight='balanced',
                                                                              loss='squared_epsilon_insensitive',
                                                                              max_iter=1000.0,
                                                                              random_state=12345),
                                                     cv=5),
                    n_jobs=1))]|verbose:False|standardscaler:StandardScaler()|onevsrestclassifier:OneVsRestClassifier(estimator=CalibratedClassifierCV(base_estimator=LinearSVC(C=10.0,
                                                                              class_weight='balanced',
                                                                              loss='squared_epsilon_insensitive',
                                                                              max_iter=1000.0,
                                                                              random_state=12345),
                                                     cv=5),
                    n_jobs=1)|standardscaler__copy:True|standardscaler__with_mean:True|standardscaler__with_std:True|onevsrestclassifier__estimator__base_estimator__C:10.0|onevsrestclassifier__estimator__base_estimator__class_weight:balanced|onevsrestclassifier__estimator__base_estimator__dual:True|onevsrestclassifier__estimator__base_estimator__fit_intercept:True|onevsrestclassifier__estimator__base_estimator__intercept_scaling:1|onevsrestclassifier__estimator__base_estimator__loss:squared_epsilon_insensitive|onevsrestclassifier__estimator__base_estimator__max_iter:1000.0|onevsrestclassifier__estimator__base_estimator__multi_class:ovr|onevsrestclassifier__estimator__base_estimator__penalty:l2|onevsrestclassifier__estimator__base_estimator__random_state:12345|onevsrestclassifier__estimator__base_estimator__tol:0.0001|onevsrestclassifier__estimator__base_estimator__verbose:0|onevsrestclassifier__estimator__base_estimator:LinearSVC(C=10.0, class_weight='balanced', loss='squared_epsilon_insensitive',
          max_iter=1000.0, random_state=12345)|onevsrestclassifier__estimator__cv:5|onevsrestclassifier__estimator__ensemble:True|onevsrestclassifier__estimator__method:sigmoid|onevsrestclassifier__estimator__n_jobs:None|onevsrestclassifier__estimator:CalibratedClassifierCV(base_estimator=LinearSVC(C=10.0, class_weight='balanced',
                                                loss='squared_epsilon_insensitive',
                                                max_iter=1000.0,
                                                random_state=12345),
                       cv=5)|onevsrestclassifier__n_jobs:1",confidence,Mixed,Mixed,2,0.025676527231040348,0.014937764393008859,0.029241226350904353,0.03252759227421972,0.019388270015940116,0.04502602638549563,0.09162802430632705
9,0.8030982089478844,893,same,10,"memory:None|steps:[('standardscaler', StandardScaler()), ('onevsrestclassifier', OneVsRestClassifier(estimator=CalibratedClassifierCV(base_estimator=LinearSVC(C=10.0,
                                                                              class_weight='balanced',
                                                                              loss='squared_epsilon_insensitive',
                                                                              max_iter=1000.0,
                                                                              random_state=12345),
                                                     cv=5),
                    n_jobs=1))]|verbose:False|standardscaler:StandardScaler()|onevsrestclassifier:OneVsRestClassifier(estimator=CalibratedClassifierCV(base_estimator=LinearSVC(C=10.0,
                                                                              class_weight='balanced',
                                                                              loss='squared_epsilon_insensitive',
                                                                              max_iter=1000.0,
                                                                              random_state=12345),
                                                     cv=5),
                    n_jobs=1)|standardscaler__copy:True|standardscaler__with_mean:True|standardscaler__with_std:True|onevsrestclassifier__estimator__base_estimator__C:10.0|onevsrestclassifier__estimator__base_estimator__class_weight:balanced|onevsrestclassifier__estimator__base_estimator__dual:True|onevsrestclassifier__estimator__base_estimator__fit_intercept:True|onevsrestclassifier__estimator__base_estimator__intercept_scaling:1|onevsrestclassifier__estimator__base_estimator__loss:squared_epsilon_insensitive|onevsrestclassifier__estimator__base_estimator__max_iter:1000.0|onevsrestclassifier__estimator__base_estimator__multi_class:ovr|onevsrestclassifier__estimator__base_estimator__penalty:l2|onevsrestclassifier__estimator__base_estimator__random_state:12345|onevsrestclassifier__estimator__base_estimator__tol:0.0001|onevsrestclassifier__estimator__base_estimator__verbose:0|onevsrestclassifier__estimator__base_estimator:LinearSVC(C=10.0, class_weight='balanced', loss='squared_epsilon_insensitive',
          max_iter=1000.0, random_state=12345)|onevsrestclassifier__estimator__cv:5|onevsrestclassifier__estimator__ensemble:True|onevsrestclassifier__estimator__method:sigmoid|onevsrestclassifier__estimator__n_jobs:None|onevsrestclassifier__estimator:CalibratedClassifierCV(base_estimator=LinearSVC(C=10.0, class_weight='balanced',
                                                loss='squared_epsilon_insensitive',
                                                max_iter=1000.0,
                                                random_state=12345),
                       cv=5)|onevsrestclassifier__n_jobs:1",confidence,Mixed,Mixed,3,0.0226027063316722,0.016302148383015237,0.021736896265075606,0.02378076233718929,0.017718547782695535,0.04351252988870526,0.09021699259599973
9,0.8030982089478844,893,same,10,"memory:None|steps:[('standardscaler', StandardScaler()), ('onevsrestclassifier', OneVsRestClassifier(estimator=CalibratedClassifierCV(base_estimator=LinearSVC(C=10.0,
                                                                              class_weight='balanced',
                                                                              loss='squared_epsilon_insensitive',
                                                                              max_iter=1000.0,
                                                                              random_state=12345),
                                                     cv=5),
                    n_jobs=1))]|verbose:False|standardscaler:StandardScaler()|onevsrestclassifier:OneVsRestClassifier(estimator=CalibratedClassifierCV(base_estimator=LinearSVC(C=10.0,
                                                                              class_weight='balanced',
                                                                              loss='squared_epsilon_insensitive',
                                                                              max_iter=1000.0,
                                                                              random_state=12345),
                                                     cv=5),
                    n_jobs=1)|standardscaler__copy:True|standardscaler__with_mean:True|standardscaler__with_std:True|onevsrestclassifier__estimator__base_estimator__C:10.0|onevsrestclassifier__estimator__base_estimator__class_weight:balanced|onevsrestclassifier__estimator__base_estimator__dual:True|onevsrestclassifier__estimator__base_estimator__fit_intercept:True|onevsrestclassifier__estimator__base_estimator__intercept_scaling:1|onevsrestclassifier__estimator__base_estimator__loss:squared_epsilon_insensitive|onevsrestclassifier__estimator__base_estimator__max_iter:1000.0|onevsrestclassifier__estimator__base_estimator__multi_class:ovr|onevsrestclassifier__estimator__base_estimator__penalty:l2|onevsrestclassifier__estimator__base_estimator__random_state:12345|onevsrestclassifier__estimator__base_estimator__tol:0.0001|onevsrestclassifier__estimator__base_estimator__verbose:0|onevsrestclassifier__estimator__base_estimator:LinearSVC(C=10.0, class_weight='balanced', loss='squared_epsilon_insensitive',
          max_iter=1000.0, random_state=12345)|onevsrestclassifier__estimator__cv:5|onevsrestclassifier__estimator__ensemble:True|onevsrestclassifier__estimator__method:sigmoid|onevsrestclassifier__estimator__n_jobs:None|onevsrestclassifier__estimator:CalibratedClassifierCV(base_estimator=LinearSVC(C=10.0, class_weight='balanced',
                                                loss='squared_epsilon_insensitive',
                                                max_iter=1000.0,
                                                random_state=12345),
                       cv=5)|onevsrestclassifier__n_jobs:1",confidence,Mixed,Mixed,4,0.024297653847114666,0.019229328747990538,0.019962918765151966,0.030234937758762955,0.02136659644299034,0.047688477749889595,0.09960473157380786
9,0.8030982089478844,893,same,10,"memory:None|steps:[('standardscaler', StandardScaler()), ('onevsrestclassifier', OneVsRestClassifier(estimator=CalibratedClassifierCV(base_estimator=LinearSVC(C=10.0,
                                                                              class_weight='balanced',
                                                                              loss='squared_epsilon_insensitive',
                                                                              max_iter=1000.0,
                                                                              random_state=12345),
                                                     cv=5),
                    n_jobs=1))]|verbose:False|standardscaler:StandardScaler()|onevsrestclassifier:OneVsRestClassifier(estimator=CalibratedClassifierCV(base_estimator=LinearSVC(C=10.0,
                                                                              class_weight='balanced',
                                                                              loss='squared_epsilon_insensitive',
                                                                              max_iter=1000.0,
                                                                              random_state=12345),
                                                     cv=5),
                    n_jobs=1)|standardscaler__copy:True|standardscaler__with_mean:True|standardscaler__with_std:True|onevsrestclassifier__estimator__base_estimator__C:10.0|onevsrestclassifier__estimator__base_estimator__class_weight:balanced|onevsrestclassifier__estimator__base_estimator__dual:True|onevsrestclassifier__estimator__base_estimator__fit_intercept:True|onevsrestclassifier__estimator__base_estimator__intercept_scaling:1|onevsrestclassifier__estimator__base_estimator__loss:squared_epsilon_insensitive|onevsrestclassifier__estimator__base_estimator__max_iter:1000.0|onevsrestclassifier__estimator__base_estimator__multi_class:ovr|onevsrestclassifier__estimator__base_estimator__penalty:l2|onevsrestclassifier__estimator__base_estimator__random_state:12345|onevsrestclassifier__estimator__base_estimator__tol:0.0001|onevsrestclassifier__estimator__base_estimator__verbose:0|onevsrestclassifier__estimator__base_estimator:LinearSVC(C=10.0, class_weight='balanced', loss='squared_epsilon_insensitive',
          max_iter=1000.0, random_state=12345)|onevsrestclassifier__estimator__cv:5|onevsrestclassifier__estimator__ensemble:True|onevsrestclassifier__estimator__method:sigmoid|onevsrestclassifier__estimator__n_jobs:None|onevsrestclassifier__estimator:CalibratedClassifierCV(base_estimator=LinearSVC(C=10.0, class_weight='balanced',
                                                loss='squared_epsilon_insensitive',
                                                max_iter=1000.0,
                                                random_state=12345),
                       cv=5)|onevsrestclassifier__n_jobs:1",confidence,Mixed,Mixed,5,0.026773991554869408,0.015715958001929434,0.027691153596027206,0.02612933709853908,0.02616473966510724,0.046012526140690624,0.09680019302944216
10,0.6489098246376119,893,same,11,"memory:None|steps:[('standardscaler', StandardScaler()), ('onevsrestclassifier', OneVsRestClassifier(estimator=CalibratedClassifierCV(base_estimator=LinearSVC(C=10.0,
                                                                              class_weight='balanced',
                                                                              loss='squared_epsilon_insensitive',
                                                                              max_iter=1000.0,
                                                                              random_state=12345),
                                                     cv=5),
                    n_jobs=1))]|verbose:False|standardscaler:StandardScaler()|onevsrestclassifier:OneVsRestClassifier(estimator=CalibratedClassifierCV(base_estimator=LinearSVC(C=10.0,
                                                                              class_weight='balanced',
                                                                              loss='squared_epsilon_insensitive',
                                                                              max_iter=1000.0,
                                                                              random_state=12345),
                                                     cv=5),
                    n_jobs=1)|standardscaler__copy:True|standardscaler__with_mean:True|standardscaler__with_std:True|onevsrestclassifier__estimator__base_estimator__C:10.0|onevsrestclassifier__estimator__base_estimator__class_weight:balanced|onevsrestclassifier__estimator__base_estimator__dual:True|onevsrestclassifier__estimator__base_estimator__fit_intercept:True|onevsrestclassifier__estimator__base_estimator__intercept_scaling:1|onevsrestclassifier__estimator__base_estimator__loss:squared_epsilon_insensitive|onevsrestclassifier__estimator__base_estimator__max_iter:1000.0|onevsrestclassifier__estimator__base_estimator__multi_class:ovr|onevsrestclassifier__estimator__base_estimator__penalty:l2|onevsrestclassifier__estimator__base_estimator__random_state:12345|onevsrestclassifier__estimator__base_estimator__tol:0.0001|onevsrestclassifier__estimator__base_estimator__verbose:0|onevsrestclassifier__estimator__base_estimator:LinearSVC(C=10.0, class_weight='balanced', loss='squared_epsilon_insensitive',
          max_iter=1000.0, random_state=12345)|onevsrestclassifier__estimator__cv:5|onevsrestclassifier__estimator__ensemble:True|onevsrestclassifier__estimator__method:sigmoid|onevsrestclassifier__estimator__n_jobs:None|onevsrestclassifier__estimator:CalibratedClassifierCV(base_estimator=LinearSVC(C=10.0, class_weight='balanced',
                                                loss='squared_epsilon_insensitive',
                                                max_iter=1000.0,
                                                random_state=12345),
                       cv=5)|onevsrestclassifier__n_jobs:1",confidence,Mixed,Mixed,1,0.022244971840643106,0.014084106792081726,0.023109023868365747,0.030601582712929093,0.024164293544037072,0.04929038696151534,0.09967005006037849
10,0.6489098246376119,893,same,11,"memory:None|steps:[('standardscaler', StandardScaler()), ('onevsrestclassifier', OneVsRestClassifier(estimator=CalibratedClassifierCV(base_estimator=LinearSVC(C=10.0,
                                                                              class_weight='balanced',
                                                                              loss='squared_epsilon_insensitive',
                                                                              max_iter=1000.0,
                                                                              random_state=12345),
                                                     cv=5),
                    n_jobs=1))]|verbose:False|standardscaler:StandardScaler()|onevsrestclassifier:OneVsRestClassifier(estimator=CalibratedClassifierCV(base_estimator=LinearSVC(C=10.0,
                                                                              class_weight='balanced',
                                                                              loss='squared_epsilon_insensitive',
                                                                              max_iter=1000.0,
                                                                              random_state=12345),
                                                     cv=5),
                    n_jobs=1)|standardscaler__copy:True|standardscaler__with_mean:True|standardscaler__with_std:True|onevsrestclassifier__estimator__base_estimator__C:10.0|onevsrestclassifier__estimator__base_estimator__class_weight:balanced|onevsrestclassifier__estimator__base_estimator__dual:True|onevsrestclassifier__estimator__base_estimator__fit_intercept:True|onevsrestclassifier__estimator__base_estimator__intercept_scaling:1|onevsrestclassifier__estimator__base_estimator__loss:squared_epsilon_insensitive|onevsrestclassifier__estimator__base_estimator__max_iter:1000.0|onevsrestclassifier__estimator__base_estimator__multi_class:ovr|onevsrestclassifier__estimator__base_estimator__penalty:l2|onevsrestclassifier__estimator__base_estimator__random_state:12345|onevsrestclassifier__estimator__base_estimator__tol:0.0001|onevsrestclassifier__estimator__base_estimator__verbose:0|onevsrestclassifier__estimator__base_estimator:LinearSVC(C=10.0, class_weight='balanced', loss='squared_epsilon_insensitive',
          max_iter=1000.0, random_state=12345)|onevsrestclassifier__estimator__cv:5|onevsrestclassifier__estimator__ensemble:True|onevsrestclassifier__estimator__method:sigmoid|onevsrestclassifier__estimator__n_jobs:None|onevsrestclassifier__estimator:CalibratedClassifierCV(base_estimator=LinearSVC(C=10.0, class_weight='balanced',
                                                loss='squared_epsilon_insensitive',
                                                max_iter=1000.0,
                                                random_state=12345),
                       cv=5)|onevsrestclassifier__n_jobs:1",confidence,Mixed,Mixed,2,0.026652622173074594,0.01846980087406796,0.029386655812428393,0.03191397586940501,0.02116125141686654,0.050967511979075786,0.10010267093189672
10,0.6489098246376119,893,same,11,"memory:None|steps:[('standardscaler', StandardScaler()), ('onevsrestclassifier', OneVsRestClassifier(estimator=CalibratedClassifierCV(base_estimator=LinearSVC(C=10.0,
                                                                              class_weight='balanced',
                                                                              loss='squared_epsilon_insensitive',
                                                                              max_iter=1000.0,
                                                                              random_state=12345),
                                                     cv=5),
                    n_jobs=1))]|verbose:False|standardscaler:StandardScaler()|onevsrestclassifier:OneVsRestClassifier(estimator=CalibratedClassifierCV(base_estimator=LinearSVC(C=10.0,
                                                                              class_weight='balanced',
                                                                              loss='squared_epsilon_insensitive',
                                                                              max_iter=1000.0,
                                                                              random_state=12345),
                                                     cv=5),
                    n_jobs=1)|standardscaler__copy:True|standardscaler__with_mean:True|standardscaler__with_std:True|onevsrestclassifier__estimator__base_estimator__C:10.0|onevsrestclassifier__estimator__base_estimator__class_weight:balanced|onevsrestclassifier__estimator__base_estimator__dual:True|onevsrestclassifier__estimator__base_estimator__fit_intercept:True|onevsrestclassifier__estimator__base_estimator__intercept_scaling:1|onevsrestclassifier__estimator__base_estimator__loss:squared_epsilon_insensitive|onevsrestclassifier__estimator__base_estimator__max_iter:1000.0|onevsrestclassifier__estimator__base_estimator__multi_class:ovr|onevsrestclassifier__estimator__base_estimator__penalty:l2|onevsrestclassifier__estimator__base_estimator__random_state:12345|onevsrestclassifier__estimator__base_estimator__tol:0.0001|onevsrestclassifier__estimator__base_estimator__verbose:0|onevsrestclassifier__estimator__base_estimator:LinearSVC(C=10.0, class_weight='balanced', loss='squared_epsilon_insensitive',
          max_iter=1000.0, random_state=12345)|onevsrestclassifier__estimator__cv:5|onevsrestclassifier__estimator__ensemble:True|onevsrestclassifier__estimator__method:sigmoid|onevsrestclassifier__estimator__n_jobs:None|onevsrestclassifier__estimator:CalibratedClassifierCV(base_estimator=LinearSVC(C=10.0, class_weight='balanced',
                                                loss='squared_epsilon_insensitive',
                                                max_iter=1000.0,
                                                random_state=12345),
                       cv=5)|onevsrestclassifier__n_jobs:1",confidence,Mixed,Mixed,3,0.025858363180418197,0.018720321518930275,0.02391124360553236,0.02543369112381814,0.019549823934554157,0.04667311677763283,0.0955551581306489
10,0.6489098246376119,893,same,11,"memory:None|steps:[('standardscaler', StandardScaler()), ('onevsrestclassifier', OneVsRestClassifier(estimator=CalibratedClassifierCV(base_estimator=LinearSVC(C=10.0,
                                                                              class_weight='balanced',
                                                                              loss='squared_epsilon_insensitive',
                                                                              max_iter=1000.0,
                                                                              random_state=12345),
                                                     cv=5),
                    n_jobs=1))]|verbose:False|standardscaler:StandardScaler()|onevsrestclassifier:OneVsRestClassifier(estimator=CalibratedClassifierCV(base_estimator=LinearSVC(C=10.0,
                                                                              class_weight='balanced',
                                                                              loss='squared_epsilon_insensitive',
                                                                              max_iter=1000.0,
                                                                              random_state=12345),
                                                     cv=5),
                    n_jobs=1)|standardscaler__copy:True|standardscaler__with_mean:True|standardscaler__with_std:True|onevsrestclassifier__estimator__base_estimator__C:10.0|onevsrestclassifier__estimator__base_estimator__class_weight:balanced|onevsrestclassifier__estimator__base_estimator__dual:True|onevsrestclassifier__estimator__base_estimator__fit_intercept:True|onevsrestclassifier__estimator__base_estimator__intercept_scaling:1|onevsrestclassifier__estimator__base_estimator__loss:squared_epsilon_insensitive|onevsrestclassifier__estimator__base_estimator__max_iter:1000.0|onevsrestclassifier__estimator__base_estimator__multi_class:ovr|onevsrestclassifier__estimator__base_estimator__penalty:l2|onevsrestclassifier__estimator__base_estimator__random_state:12345|onevsrestclassifier__estimator__base_estimator__tol:0.0001|onevsrestclassifier__estimator__base_estimator__verbose:0|onevsrestclassifier__estimator__base_estimator:LinearSVC(C=10.0, class_weight='balanced', loss='squared_epsilon_insensitive',
          max_iter=1000.0, random_state=12345)|onevsrestclassifier__estimator__cv:5|onevsrestclassifier__estimator__ensemble:True|onevsrestclassifier__estimator__method:sigmoid|onevsrestclassifier__estimator__n_jobs:None|onevsrestclassifier__estimator:CalibratedClassifierCV(base_estimator=LinearSVC(C=10.0, class_weight='balanced',
                                                loss='squared_epsilon_insensitive',
                                                max_iter=1000.0,
                                                random_state=12345),
                       cv=5)|onevsrestclassifier__n_jobs:1",confidence,Mixed,Mixed,4,0.024311203291716776,0.022425311518357898,0.021409843816722812,0.029446118365631394,0.0223488438122992,0.05182419179655735,0.10875766002507771
10,0.6489098246376119,893,same,11,"memory:None|steps:[('standardscaler', StandardScaler()), ('onevsrestclassifier', OneVsRestClassifier(estimator=CalibratedClassifierCV(base_estimator=LinearSVC(C=10.0,
                                                                              class_weight='balanced',
                                                                              loss='squared_epsilon_insensitive',
                                                                              max_iter=1000.0,
                                                                              random_state=12345),
                                                     cv=5),
                    n_jobs=1))]|verbose:False|standardscaler:StandardScaler()|onevsrestclassifier:OneVsRestClassifier(estimator=CalibratedClassifierCV(base_estimator=LinearSVC(C=10.0,
                                                                              class_weight='balanced',
                                                                              loss='squared_epsilon_insensitive',
                                                                              max_iter=1000.0,
                                                                              random_state=12345),
                                                     cv=5),
                    n_jobs=1)|standardscaler__copy:True|standardscaler__with_mean:True|standardscaler__with_std:True|onevsrestclassifier__estimator__base_estimator__C:10.0|onevsrestclassifier__estimator__base_estimator__class_weight:balanced|onevsrestclassifier__estimator__base_estimator__dual:True|onevsrestclassifier__estimator__base_estimator__fit_intercept:True|onevsrestclassifier__estimator__base_estimator__intercept_scaling:1|onevsrestclassifier__estimator__base_estimator__loss:squared_epsilon_insensitive|onevsrestclassifier__estimator__base_estimator__max_iter:1000.0|onevsrestclassifier__estimator__base_estimator__multi_class:ovr|onevsrestclassifier__estimator__base_estimator__penalty:l2|onevsrestclassifier__estimator__base_estimator__random_state:12345|onevsrestclassifier__estimator__base_estimator__tol:0.0001|onevsrestclassifier__estimator__base_estimator__verbose:0|onevsrestclassifier__estimator__base_estimator:LinearSVC(C=10.0, class_weight='balanced', loss='squared_epsilon_insensitive',
          max_iter=1000.0, random_state=12345)|onevsrestclassifier__estimator__cv:5|onevsrestclassifier__estimator__ensemble:True|onevsrestclassifier__estimator__method:sigmoid|onevsrestclassifier__estimator__n_jobs:None|onevsrestclassifier__estimator:CalibratedClassifierCV(base_estimator=LinearSVC(C=10.0, class_weight='balanced',
                                                loss='squared_epsilon_insensitive',
                                                max_iter=1000.0,
                                                random_state=12345),
                       cv=5)|onevsrestclassifier__n_jobs:1",confidence,Mixed,Mixed,5,0.028484463909131636,0.017504523946214313,0.02782296437924752,0.023490436693079073,0.02736214547802484,0.049471683697610826,0.10466750458558047
11,0.6639732110525901,893,same,12,"memory:None|steps:[('standardscaler', StandardScaler()), ('onevsrestclassifier', OneVsRestClassifier(estimator=CalibratedClassifierCV(base_estimator=LinearSVC(C=10.0,
                                                                              class_weight='balanced',
                                                                              loss='squared_epsilon_insensitive',
                                                                              max_iter=1000.0,
                                                                              random_state=12345),
                                                     cv=5),
                    n_jobs=1))]|verbose:False|standardscaler:StandardScaler()|onevsrestclassifier:OneVsRestClassifier(estimator=CalibratedClassifierCV(base_estimator=LinearSVC(C=10.0,
                                                                              class_weight='balanced',
                                                                              loss='squared_epsilon_insensitive',
                                                                              max_iter=1000.0,
                                                                              random_state=12345),
                                                     cv=5),
                    n_jobs=1)|standardscaler__copy:True|standardscaler__with_mean:True|standardscaler__with_std:True|onevsrestclassifier__estimator__base_estimator__C:10.0|onevsrestclassifier__estimator__base_estimator__class_weight:balanced|onevsrestclassifier__estimator__base_estimator__dual:True|onevsrestclassifier__estimator__base_estimator__fit_intercept:True|onevsrestclassifier__estimator__base_estimator__intercept_scaling:1|onevsrestclassifier__estimator__base_estimator__loss:squared_epsilon_insensitive|onevsrestclassifier__estimator__base_estimator__max_iter:1000.0|onevsrestclassifier__estimator__base_estimator__multi_class:ovr|onevsrestclassifier__estimator__base_estimator__penalty:l2|onevsrestclassifier__estimator__base_estimator__random_state:12345|onevsrestclassifier__estimator__base_estimator__tol:0.0001|onevsrestclassifier__estimator__base_estimator__verbose:0|onevsrestclassifier__estimator__base_estimator:LinearSVC(C=10.0, class_weight='balanced', loss='squared_epsilon_insensitive',
          max_iter=1000.0, random_state=12345)|onevsrestclassifier__estimator__cv:5|onevsrestclassifier__estimator__ensemble:True|onevsrestclassifier__estimator__method:sigmoid|onevsrestclassifier__estimator__n_jobs:None|onevsrestclassifier__estimator:CalibratedClassifierCV(base_estimator=LinearSVC(C=10.0, class_weight='balanced',
                                                loss='squared_epsilon_insensitive',
                                                max_iter=1000.0,
                                                random_state=12345),
                       cv=5)|onevsrestclassifier__n_jobs:1",confidence,Mixed,Mixed,1,0.02294626585231321,0.012251161805789335,0.02293946832113162,0.030656903885285164,0.025836955477103154,0.047748938934418235,0.0983463106033162
11,0.6639732110525901,893,same,12,"memory:None|steps:[('standardscaler', StandardScaler()), ('onevsrestclassifier', OneVsRestClassifier(estimator=CalibratedClassifierCV(base_estimator=LinearSVC(C=10.0,
                                                                              class_weight='balanced',
                                                                              loss='squared_epsilon_insensitive',
                                                                              max_iter=1000.0,
                                                                              random_state=12345),
                                                     cv=5),
                    n_jobs=1))]|verbose:False|standardscaler:StandardScaler()|onevsrestclassifier:OneVsRestClassifier(estimator=CalibratedClassifierCV(base_estimator=LinearSVC(C=10.0,
                                                                              class_weight='balanced',
                                                                              loss='squared_epsilon_insensitive',
                                                                              max_iter=1000.0,
                                                                              random_state=12345),
                                                     cv=5),
                    n_jobs=1)|standardscaler__copy:True|standardscaler__with_mean:True|standardscaler__with_std:True|onevsrestclassifier__estimator__base_estimator__C:10.0|onevsrestclassifier__estimator__base_estimator__class_weight:balanced|onevsrestclassifier__estimator__base_estimator__dual:True|onevsrestclassifier__estimator__base_estimator__fit_intercept:True|onevsrestclassifier__estimator__base_estimator__intercept_scaling:1|onevsrestclassifier__estimator__base_estimator__loss:squared_epsilon_insensitive|onevsrestclassifier__estimator__base_estimator__max_iter:1000.0|onevsrestclassifier__estimator__base_estimator__multi_class:ovr|onevsrestclassifier__estimator__base_estimator__penalty:l2|onevsrestclassifier__estimator__base_estimator__random_state:12345|onevsrestclassifier__estimator__base_estimator__tol:0.0001|onevsrestclassifier__estimator__base_estimator__verbose:0|onevsrestclassifier__estimator__base_estimator:LinearSVC(C=10.0, class_weight='balanced', loss='squared_epsilon_insensitive',
          max_iter=1000.0, random_state=12345)|onevsrestclassifier__estimator__cv:5|onevsrestclassifier__estimator__ensemble:True|onevsrestclassifier__estimator__method:sigmoid|onevsrestclassifier__estimator__n_jobs:None|onevsrestclassifier__estimator:CalibratedClassifierCV(base_estimator=LinearSVC(C=10.0, class_weight='balanced',
                                                loss='squared_epsilon_insensitive',
                                                max_iter=1000.0,
                                                random_state=12345),
                       cv=5)|onevsrestclassifier__n_jobs:1",confidence,Mixed,Mixed,2,0.025613792930372904,0.015679274415175373,0.028278759568360075,0.030550985746192402,0.021293169690645052,0.04716988059235847,0.09773794029377793
11,0.6639732110525901,893,same,12,"memory:None|steps:[('standardscaler', StandardScaler()), ('onevsrestclassifier', OneVsRestClassifier(estimator=CalibratedClassifierCV(base_estimator=LinearSVC(C=10.0,
                                                                              class_weight='balanced',
                                                                              loss='squared_epsilon_insensitive',
                                                                              max_iter=1000.0,
                                                                              random_state=12345),
                                                     cv=5),
                    n_jobs=1))]|verbose:False|standardscaler:StandardScaler()|onevsrestclassifier:OneVsRestClassifier(estimator=CalibratedClassifierCV(base_estimator=LinearSVC(C=10.0,
                                                                              class_weight='balanced',
                                                                              loss='squared_epsilon_insensitive',
                                                                              max_iter=1000.0,
                                                                              random_state=12345),
                                                     cv=5),
                    n_jobs=1)|standardscaler__copy:True|standardscaler__with_mean:True|standardscaler__with_std:True|onevsrestclassifier__estimator__base_estimator__C:10.0|onevsrestclassifier__estimator__base_estimator__class_weight:balanced|onevsrestclassifier__estimator__base_estimator__dual:True|onevsrestclassifier__estimator__base_estimator__fit_intercept:True|onevsrestclassifier__estimator__base_estimator__intercept_scaling:1|onevsrestclassifier__estimator__base_estimator__loss:squared_epsilon_insensitive|onevsrestclassifier__estimator__base_estimator__max_iter:1000.0|onevsrestclassifier__estimator__base_estimator__multi_class:ovr|onevsrestclassifier__estimator__base_estimator__penalty:l2|onevsrestclassifier__estimator__base_estimator__random_state:12345|onevsrestclassifier__estimator__base_estimator__tol:0.0001|onevsrestclassifier__estimator__base_estimator__verbose:0|onevsrestclassifier__estimator__base_estimator:LinearSVC(C=10.0, class_weight='balanced', loss='squared_epsilon_insensitive',
          max_iter=1000.0, random_state=12345)|onevsrestclassifier__estimator__cv:5|onevsrestclassifier__estimator__ensemble:True|onevsrestclassifier__estimator__method:sigmoid|onevsrestclassifier__estimator__n_jobs:None|onevsrestclassifier__estimator:CalibratedClassifierCV(base_estimator=LinearSVC(C=10.0, class_weight='balanced',
                                                loss='squared_epsilon_insensitive',
                                                max_iter=1000.0,
                                                random_state=12345),
                       cv=5)|onevsrestclassifier__n_jobs:1",confidence,Mixed,Mixed,3,0.0253131329795621,0.01895904296579782,0.02401204767476991,0.025820813030940932,0.019272562908734674,0.046584368068133424,0.09652386421835558
11,0.6639732110525901,893,same,12,"memory:None|steps:[('standardscaler', StandardScaler()), ('onevsrestclassifier', OneVsRestClassifier(estimator=CalibratedClassifierCV(base_estimator=LinearSVC(C=10.0,
                                                                              class_weight='balanced',
                                                                              loss='squared_epsilon_insensitive',
                                                                              max_iter=1000.0,
                                                                              random_state=12345),
                                                     cv=5),
                    n_jobs=1))]|verbose:False|standardscaler:StandardScaler()|onevsrestclassifier:OneVsRestClassifier(estimator=CalibratedClassifierCV(base_estimator=LinearSVC(C=10.0,
                                                                              class_weight='balanced',
                                                                              loss='squared_epsilon_insensitive',
                                                                              max_iter=1000.0,
                                                                              random_state=12345),
                                                     cv=5),
                    n_jobs=1)|standardscaler__copy:True|standardscaler__with_mean:True|standardscaler__with_std:True|onevsrestclassifier__estimator__base_estimator__C:10.0|onevsrestclassifier__estimator__base_estimator__class_weight:balanced|onevsrestclassifier__estimator__base_estimator__dual:True|onevsrestclassifier__estimator__base_estimator__fit_intercept:True|onevsrestclassifier__estimator__base_estimator__intercept_scaling:1|onevsrestclassifier__estimator__base_estimator__loss:squared_epsilon_insensitive|onevsrestclassifier__estimator__base_estimator__max_iter:1000.0|onevsrestclassifier__estimator__base_estimator__multi_class:ovr|onevsrestclassifier__estimator__base_estimator__penalty:l2|onevsrestclassifier__estimator__base_estimator__random_state:12345|onevsrestclassifier__estimator__base_estimator__tol:0.0001|onevsrestclassifier__estimator__base_estimator__verbose:0|onevsrestclassifier__estimator__base_estimator:LinearSVC(C=10.0, class_weight='balanced', loss='squared_epsilon_insensitive',
          max_iter=1000.0, random_state=12345)|onevsrestclassifier__estimator__cv:5|onevsrestclassifier__estimator__ensemble:True|onevsrestclassifier__estimator__method:sigmoid|onevsrestclassifier__estimator__n_jobs:None|onevsrestclassifier__estimator:CalibratedClassifierCV(base_estimator=LinearSVC(C=10.0, class_weight='balanced',
                                                loss='squared_epsilon_insensitive',
                                                max_iter=1000.0,
                                                random_state=12345),
                       cv=5)|onevsrestclassifier__n_jobs:1",confidence,Mixed,Mixed,4,0.023913442555205763,0.020374257040616715,0.02157491131710515,0.028633976118400996,0.023830661627586094,0.051349996576715004,0.10756525318521117
11,0.6639732110525901,893,same,12,"memory:None|steps:[('standardscaler', StandardScaler()), ('onevsrestclassifier', OneVsRestClassifier(estimator=CalibratedClassifierCV(base_estimator=LinearSVC(C=10.0,
                                                                              class_weight='balanced',
                                                                              loss='squared_epsilon_insensitive',
                                                                              max_iter=1000.0,
                                                                              random_state=12345),
                                                     cv=5),
                    n_jobs=1))]|verbose:False|standardscaler:StandardScaler()|onevsrestclassifier:OneVsRestClassifier(estimator=CalibratedClassifierCV(base_estimator=LinearSVC(C=10.0,
                                                                              class_weight='balanced',
                                                                              loss='squared_epsilon_insensitive',
                                                                              max_iter=1000.0,
                                                                              random_state=12345),
                                                     cv=5),
                    n_jobs=1)|standardscaler__copy:True|standardscaler__with_mean:True|standardscaler__with_std:True|onevsrestclassifier__estimator__base_estimator__C:10.0|onevsrestclassifier__estimator__base_estimator__class_weight:balanced|onevsrestclassifier__estimator__base_estimator__dual:True|onevsrestclassifier__estimator__base_estimator__fit_intercept:True|onevsrestclassifier__estimator__base_estimator__intercept_scaling:1|onevsrestclassifier__estimator__base_estimator__loss:squared_epsilon_insensitive|onevsrestclassifier__estimator__base_estimator__max_iter:1000.0|onevsrestclassifier__estimator__base_estimator__multi_class:ovr|onevsrestclassifier__estimator__base_estimator__penalty:l2|onevsrestclassifier__estimator__base_estimator__random_state:12345|onevsrestclassifier__estimator__base_estimator__tol:0.0001|onevsrestclassifier__estimator__base_estimator__verbose:0|onevsrestclassifier__estimator__base_estimator:LinearSVC(C=10.0, class_weight='balanced', loss='squared_epsilon_insensitive',
          max_iter=1000.0, random_state=12345)|onevsrestclassifier__estimator__cv:5|onevsrestclassifier__estimator__ensemble:True|onevsrestclassifier__estimator__method:sigmoid|onevsrestclassifier__estimator__n_jobs:None|onevsrestclassifier__estimator:CalibratedClassifierCV(base_estimator=LinearSVC(C=10.0, class_weight='balanced',
                                                loss='squared_epsilon_insensitive',
                                                max_iter=1000.0,
                                                random_state=12345),
                       cv=5)|onevsrestclassifier__n_jobs:1",confidence,Mixed,Mixed,5,0.028063965108741293,0.016455314566258386,0.02849693965825416,0.023240406539180417,0.029344769684202382,0.04765851539570488,0.10472911399889336
12,0.7373714506490577,893,same,13,"memory:None|steps:[('standardscaler', StandardScaler()), ('onevsrestclassifier', OneVsRestClassifier(estimator=CalibratedClassifierCV(base_estimator=LinearSVC(C=10.0,
                                                                              class_weight='balanced',
                                                                              loss='squared_epsilon_insensitive',
                                                                              max_iter=1000.0,
                                                                              random_state=12345),
                                                     cv=5),
                    n_jobs=1))]|verbose:False|standardscaler:StandardScaler()|onevsrestclassifier:OneVsRestClassifier(estimator=CalibratedClassifierCV(base_estimator=LinearSVC(C=10.0,
                                                                              class_weight='balanced',
                                                                              loss='squared_epsilon_insensitive',
                                                                              max_iter=1000.0,
                                                                              random_state=12345),
                                                     cv=5),
                    n_jobs=1)|standardscaler__copy:True|standardscaler__with_mean:True|standardscaler__with_std:True|onevsrestclassifier__estimator__base_estimator__C:10.0|onevsrestclassifier__estimator__base_estimator__class_weight:balanced|onevsrestclassifier__estimator__base_estimator__dual:True|onevsrestclassifier__estimator__base_estimator__fit_intercept:True|onevsrestclassifier__estimator__base_estimator__intercept_scaling:1|onevsrestclassifier__estimator__base_estimator__loss:squared_epsilon_insensitive|onevsrestclassifier__estimator__base_estimator__max_iter:1000.0|onevsrestclassifier__estimator__base_estimator__multi_class:ovr|onevsrestclassifier__estimator__base_estimator__penalty:l2|onevsrestclassifier__estimator__base_estimator__random_state:12345|onevsrestclassifier__estimator__base_estimator__tol:0.0001|onevsrestclassifier__estimator__base_estimator__verbose:0|onevsrestclassifier__estimator__base_estimator:LinearSVC(C=10.0, class_weight='balanced', loss='squared_epsilon_insensitive',
          max_iter=1000.0, random_state=12345)|onevsrestclassifier__estimator__cv:5|onevsrestclassifier__estimator__ensemble:True|onevsrestclassifier__estimator__method:sigmoid|onevsrestclassifier__estimator__n_jobs:None|onevsrestclassifier__estimator:CalibratedClassifierCV(base_estimator=LinearSVC(C=10.0, class_weight='balanced',
                                                loss='squared_epsilon_insensitive',
                                                max_iter=1000.0,
                                                random_state=12345),
                       cv=5)|onevsrestclassifier__n_jobs:1",confidence,Mixed,Mixed,1,0.022077005873818025,0.01377657296800885,0.021943673398398773,0.031413517165739396,0.02633147588656884,0.04893640813675722,0.09725984166688292
12,0.7373714506490577,893,same,13,"memory:None|steps:[('standardscaler', StandardScaler()), ('onevsrestclassifier', OneVsRestClassifier(estimator=CalibratedClassifierCV(base_estimator=LinearSVC(C=10.0,
                                                                              class_weight='balanced',
                                                                              loss='squared_epsilon_insensitive',
                                                                              max_iter=1000.0,
                                                                              random_state=12345),
                                                     cv=5),
                    n_jobs=1))]|verbose:False|standardscaler:StandardScaler()|onevsrestclassifier:OneVsRestClassifier(estimator=CalibratedClassifierCV(base_estimator=LinearSVC(C=10.0,
                                                                              class_weight='balanced',
                                                                              loss='squared_epsilon_insensitive',
                                                                              max_iter=1000.0,
                                                                              random_state=12345),
                                                     cv=5),
                    n_jobs=1)|standardscaler__copy:True|standardscaler__with_mean:True|standardscaler__with_std:True|onevsrestclassifier__estimator__base_estimator__C:10.0|onevsrestclassifier__estimator__base_estimator__class_weight:balanced|onevsrestclassifier__estimator__base_estimator__dual:True|onevsrestclassifier__estimator__base_estimator__fit_intercept:True|onevsrestclassifier__estimator__base_estimator__intercept_scaling:1|onevsrestclassifier__estimator__base_estimator__loss:squared_epsilon_insensitive|onevsrestclassifier__estimator__base_estimator__max_iter:1000.0|onevsrestclassifier__estimator__base_estimator__multi_class:ovr|onevsrestclassifier__estimator__base_estimator__penalty:l2|onevsrestclassifier__estimator__base_estimator__random_state:12345|onevsrestclassifier__estimator__base_estimator__tol:0.0001|onevsrestclassifier__estimator__base_estimator__verbose:0|onevsrestclassifier__estimator__base_estimator:LinearSVC(C=10.0, class_weight='balanced', loss='squared_epsilon_insensitive',
          max_iter=1000.0, random_state=12345)|onevsrestclassifier__estimator__cv:5|onevsrestclassifier__estimator__ensemble:True|onevsrestclassifier__estimator__method:sigmoid|onevsrestclassifier__estimator__n_jobs:None|onevsrestclassifier__estimator:CalibratedClassifierCV(base_estimator=LinearSVC(C=10.0, class_weight='balanced',
                                                loss='squared_epsilon_insensitive',
                                                max_iter=1000.0,
                                                random_state=12345),
                       cv=5)|onevsrestclassifier__n_jobs:1",confidence,Mixed,Mixed,2,0.026453785406993214,0.01902645826610921,0.028973850848430117,0.033056301933903985,0.023311091787400106,0.04997679018565297,0.09815725939962354
12,0.7373714506490577,893,same,13,"memory:None|steps:[('standardscaler', StandardScaler()), ('onevsrestclassifier', OneVsRestClassifier(estimator=CalibratedClassifierCV(base_estimator=LinearSVC(C=10.0,
                                                                              class_weight='balanced',
                                                                              loss='squared_epsilon_insensitive',
                                                                              max_iter=1000.0,
                                                                              random_state=12345),
                                                     cv=5),
                    n_jobs=1))]|verbose:False|standardscaler:StandardScaler()|onevsrestclassifier:OneVsRestClassifier(estimator=CalibratedClassifierCV(base_estimator=LinearSVC(C=10.0,
                                                                              class_weight='balanced',
                                                                              loss='squared_epsilon_insensitive',
                                                                              max_iter=1000.0,
                                                                              random_state=12345),
                                                     cv=5),
                    n_jobs=1)|standardscaler__copy:True|standardscaler__with_mean:True|standardscaler__with_std:True|onevsrestclassifier__estimator__base_estimator__C:10.0|onevsrestclassifier__estimator__base_estimator__class_weight:balanced|onevsrestclassifier__estimator__base_estimator__dual:True|onevsrestclassifier__estimator__base_estimator__fit_intercept:True|onevsrestclassifier__estimator__base_estimator__intercept_scaling:1|onevsrestclassifier__estimator__base_estimator__loss:squared_epsilon_insensitive|onevsrestclassifier__estimator__base_estimator__max_iter:1000.0|onevsrestclassifier__estimator__base_estimator__multi_class:ovr|onevsrestclassifier__estimator__base_estimator__penalty:l2|onevsrestclassifier__estimator__base_estimator__random_state:12345|onevsrestclassifier__estimator__base_estimator__tol:0.0001|onevsrestclassifier__estimator__base_estimator__verbose:0|onevsrestclassifier__estimator__base_estimator:LinearSVC(C=10.0, class_weight='balanced', loss='squared_epsilon_insensitive',
          max_iter=1000.0, random_state=12345)|onevsrestclassifier__estimator__cv:5|onevsrestclassifier__estimator__ensemble:True|onevsrestclassifier__estimator__method:sigmoid|onevsrestclassifier__estimator__n_jobs:None|onevsrestclassifier__estimator:CalibratedClassifierCV(base_estimator=LinearSVC(C=10.0, class_weight='balanced',
                                                loss='squared_epsilon_insensitive',
                                                max_iter=1000.0,
                                                random_state=12345),
                       cv=5)|onevsrestclassifier__n_jobs:1",confidence,Mixed,Mixed,3,0.02519843071700598,0.019767188361130002,0.02435755968917317,0.0265067269387088,0.019125654795820547,0.04812661949461296,0.09661090523549078
12,0.7373714506490577,893,same,13,"memory:None|steps:[('standardscaler', StandardScaler()), ('onevsrestclassifier', OneVsRestClassifier(estimator=CalibratedClassifierCV(base_estimator=LinearSVC(C=10.0,
                                                                              class_weight='balanced',
                                                                              loss='squared_epsilon_insensitive',
                                                                              max_iter=1000.0,
                                                                              random_state=12345),
                                                     cv=5),
                    n_jobs=1))]|verbose:False|standardscaler:StandardScaler()|onevsrestclassifier:OneVsRestClassifier(estimator=CalibratedClassifierCV(base_estimator=LinearSVC(C=10.0,
                                                                              class_weight='balanced',
                                                                              loss='squared_epsilon_insensitive',
                                                                              max_iter=1000.0,
                                                                              random_state=12345),
                                                     cv=5),
                    n_jobs=1)|standardscaler__copy:True|standardscaler__with_mean:True|standardscaler__with_std:True|onevsrestclassifier__estimator__base_estimator__C:10.0|onevsrestclassifier__estimator__base_estimator__class_weight:balanced|onevsrestclassifier__estimator__base_estimator__dual:True|onevsrestclassifier__estimator__base_estimator__fit_intercept:True|onevsrestclassifier__estimator__base_estimator__intercept_scaling:1|onevsrestclassifier__estimator__base_estimator__loss:squared_epsilon_insensitive|onevsrestclassifier__estimator__base_estimator__max_iter:1000.0|onevsrestclassifier__estimator__base_estimator__multi_class:ovr|onevsrestclassifier__estimator__base_estimator__penalty:l2|onevsrestclassifier__estimator__base_estimator__random_state:12345|onevsrestclassifier__estimator__base_estimator__tol:0.0001|onevsrestclassifier__estimator__base_estimator__verbose:0|onevsrestclassifier__estimator__base_estimator:LinearSVC(C=10.0, class_weight='balanced', loss='squared_epsilon_insensitive',
          max_iter=1000.0, random_state=12345)|onevsrestclassifier__estimator__cv:5|onevsrestclassifier__estimator__ensemble:True|onevsrestclassifier__estimator__method:sigmoid|onevsrestclassifier__estimator__n_jobs:None|onevsrestclassifier__estimator:CalibratedClassifierCV(base_estimator=LinearSVC(C=10.0, class_weight='balanced',
                                                loss='squared_epsilon_insensitive',
                                                max_iter=1000.0,
                                                random_state=12345),
                       cv=5)|onevsrestclassifier__n_jobs:1",confidence,Mixed,Mixed,4,0.023439205077927256,0.021518885638941488,0.020306480355049342,0.028702671983678166,0.023895878067603977,0.052749498807499406,0.10852429041654643
12,0.7373714506490577,893,same,13,"memory:None|steps:[('standardscaler', StandardScaler()), ('onevsrestclassifier', OneVsRestClassifier(estimator=CalibratedClassifierCV(base_estimator=LinearSVC(C=10.0,
                                                                              class_weight='balanced',
                                                                              loss='squared_epsilon_insensitive',
                                                                              max_iter=1000.0,
                                                                              random_state=12345),
                                                     cv=5),
                    n_jobs=1))]|verbose:False|standardscaler:StandardScaler()|onevsrestclassifier:OneVsRestClassifier(estimator=CalibratedClassifierCV(base_estimator=LinearSVC(C=10.0,
                                                                              class_weight='balanced',
                                                                              loss='squared_epsilon_insensitive',
                                                                              max_iter=1000.0,
                                                                              random_state=12345),
                                                     cv=5),
                    n_jobs=1)|standardscaler__copy:True|standardscaler__with_mean:True|standardscaler__with_std:True|onevsrestclassifier__estimator__base_estimator__C:10.0|onevsrestclassifier__estimator__base_estimator__class_weight:balanced|onevsrestclassifier__estimator__base_estimator__dual:True|onevsrestclassifier__estimator__base_estimator__fit_intercept:True|onevsrestclassifier__estimator__base_estimator__intercept_scaling:1|onevsrestclassifier__estimator__base_estimator__loss:squared_epsilon_insensitive|onevsrestclassifier__estimator__base_estimator__max_iter:1000.0|onevsrestclassifier__estimator__base_estimator__multi_class:ovr|onevsrestclassifier__estimator__base_estimator__penalty:l2|onevsrestclassifier__estimator__base_estimator__random_state:12345|onevsrestclassifier__estimator__base_estimator__tol:0.0001|onevsrestclassifier__estimator__base_estimator__verbose:0|onevsrestclassifier__estimator__base_estimator:LinearSVC(C=10.0, class_weight='balanced', loss='squared_epsilon_insensitive',
          max_iter=1000.0, random_state=12345)|onevsrestclassifier__estimator__cv:5|onevsrestclassifier__estimator__ensemble:True|onevsrestclassifier__estimator__method:sigmoid|onevsrestclassifier__estimator__n_jobs:None|onevsrestclassifier__estimator:CalibratedClassifierCV(base_estimator=LinearSVC(C=10.0, class_weight='balanced',
                                                loss='squared_epsilon_insensitive',
                                                max_iter=1000.0,
                                                random_state=12345),
                       cv=5)|onevsrestclassifier__n_jobs:1",confidence,Mixed,Mixed,5,0.026349639792350242,0.019334602876635465,0.025965339663058223,0.023569919366801046,0.02962426126683897,0.04918303964498374,0.1041635397949266
13,0.7321232215947964,793,same,14,"memory:None|steps:[('standardscaler', StandardScaler()), ('onevsrestclassifier', OneVsRestClassifier(estimator=CalibratedClassifierCV(base_estimator=LinearSVC(C=10.0,
                                                                              class_weight='balanced',
                                                                              loss='squared_epsilon_insensitive',
                                                                              max_iter=1000.0,
                                                                              random_state=12345),
                                                     cv=5),
                    n_jobs=1))]|verbose:False|standardscaler:StandardScaler()|onevsrestclassifier:OneVsRestClassifier(estimator=CalibratedClassifierCV(base_estimator=LinearSVC(C=10.0,
                                                                              class_weight='balanced',
                                                                              loss='squared_epsilon_insensitive',
                                                                              max_iter=1000.0,
                                                                              random_state=12345),
                                                     cv=5),
                    n_jobs=1)|standardscaler__copy:True|standardscaler__with_mean:True|standardscaler__with_std:True|onevsrestclassifier__estimator__base_estimator__C:10.0|onevsrestclassifier__estimator__base_estimator__class_weight:balanced|onevsrestclassifier__estimator__base_estimator__dual:True|onevsrestclassifier__estimator__base_estimator__fit_intercept:True|onevsrestclassifier__estimator__base_estimator__intercept_scaling:1|onevsrestclassifier__estimator__base_estimator__loss:squared_epsilon_insensitive|onevsrestclassifier__estimator__base_estimator__max_iter:1000.0|onevsrestclassifier__estimator__base_estimator__multi_class:ovr|onevsrestclassifier__estimator__base_estimator__penalty:l2|onevsrestclassifier__estimator__base_estimator__random_state:12345|onevsrestclassifier__estimator__base_estimator__tol:0.0001|onevsrestclassifier__estimator__base_estimator__verbose:0|onevsrestclassifier__estimator__base_estimator:LinearSVC(C=10.0, class_weight='balanced', loss='squared_epsilon_insensitive',
          max_iter=1000.0, random_state=12345)|onevsrestclassifier__estimator__cv:5|onevsrestclassifier__estimator__ensemble:True|onevsrestclassifier__estimator__method:sigmoid|onevsrestclassifier__estimator__n_jobs:None|onevsrestclassifier__estimator:CalibratedClassifierCV(base_estimator=LinearSVC(C=10.0, class_weight='balanced',
                                                loss='squared_epsilon_insensitive',
                                                max_iter=1000.0,
                                                random_state=12345),
                       cv=5)|onevsrestclassifier__n_jobs:1",confidence,Mixed,Mixed,1,0.025613106298911212,0.01950767888815067,0.02539496688817073,0.02906749180180187,0.024004603398429067,0.04379976499036184,0.09383105061653335
13,0.7321232215947964,793,same,14,"memory:None|steps:[('standardscaler', StandardScaler()), ('onevsrestclassifier', OneVsRestClassifier(estimator=CalibratedClassifierCV(base_estimator=LinearSVC(C=10.0,
                                                                              class_weight='balanced',
                                                                              loss='squared_epsilon_insensitive',
                                                                              max_iter=1000.0,
                                                                              random_state=12345),
                                                     cv=5),
                    n_jobs=1))]|verbose:False|standardscaler:StandardScaler()|onevsrestclassifier:OneVsRestClassifier(estimator=CalibratedClassifierCV(base_estimator=LinearSVC(C=10.0,
                                                                              class_weight='balanced',
                                                                              loss='squared_epsilon_insensitive',
                                                                              max_iter=1000.0,
                                                                              random_state=12345),
                                                     cv=5),
                    n_jobs=1)|standardscaler__copy:True|standardscaler__with_mean:True|standardscaler__with_std:True|onevsrestclassifier__estimator__base_estimator__C:10.0|onevsrestclassifier__estimator__base_estimator__class_weight:balanced|onevsrestclassifier__estimator__base_estimator__dual:True|onevsrestclassifier__estimator__base_estimator__fit_intercept:True|onevsrestclassifier__estimator__base_estimator__intercept_scaling:1|onevsrestclassifier__estimator__base_estimator__loss:squared_epsilon_insensitive|onevsrestclassifier__estimator__base_estimator__max_iter:1000.0|onevsrestclassifier__estimator__base_estimator__multi_class:ovr|onevsrestclassifier__estimator__base_estimator__penalty:l2|onevsrestclassifier__estimator__base_estimator__random_state:12345|onevsrestclassifier__estimator__base_estimator__tol:0.0001|onevsrestclassifier__estimator__base_estimator__verbose:0|onevsrestclassifier__estimator__base_estimator:LinearSVC(C=10.0, class_weight='balanced', loss='squared_epsilon_insensitive',
          max_iter=1000.0, random_state=12345)|onevsrestclassifier__estimator__cv:5|onevsrestclassifier__estimator__ensemble:True|onevsrestclassifier__estimator__method:sigmoid|onevsrestclassifier__estimator__n_jobs:None|onevsrestclassifier__estimator:CalibratedClassifierCV(base_estimator=LinearSVC(C=10.0, class_weight='balanced',
                                                loss='squared_epsilon_insensitive',
                                                max_iter=1000.0,
                                                random_state=12345),
                       cv=5)|onevsrestclassifier__n_jobs:1",confidence,Mixed,Mixed,2,0.026346439491831512,0.019963178130977914,0.030019563043866392,0.034201820430805385,0.022846049906392992,0.04727395604232283,0.1011567908089571
13,0.7321232215947964,793,same,14,"memory:None|steps:[('standardscaler', StandardScaler()), ('onevsrestclassifier', OneVsRestClassifier(estimator=CalibratedClassifierCV(base_estimator=LinearSVC(C=10.0,
                                                                              class_weight='balanced',
                                                                              loss='squared_epsilon_insensitive',
                                                                              max_iter=1000.0,
                                                                              random_state=12345),
                                                     cv=5),
                    n_jobs=1))]|verbose:False|standardscaler:StandardScaler()|onevsrestclassifier:OneVsRestClassifier(estimator=CalibratedClassifierCV(base_estimator=LinearSVC(C=10.0,
                                                                              class_weight='balanced',
                                                                              loss='squared_epsilon_insensitive',
                                                                              max_iter=1000.0,
                                                                              random_state=12345),
                                                     cv=5),
                    n_jobs=1)|standardscaler__copy:True|standardscaler__with_mean:True|standardscaler__with_std:True|onevsrestclassifier__estimator__base_estimator__C:10.0|onevsrestclassifier__estimator__base_estimator__class_weight:balanced|onevsrestclassifier__estimator__base_estimator__dual:True|onevsrestclassifier__estimator__base_estimator__fit_intercept:True|onevsrestclassifier__estimator__base_estimator__intercept_scaling:1|onevsrestclassifier__estimator__base_estimator__loss:squared_epsilon_insensitive|onevsrestclassifier__estimator__base_estimator__max_iter:1000.0|onevsrestclassifier__estimator__base_estimator__multi_class:ovr|onevsrestclassifier__estimator__base_estimator__penalty:l2|onevsrestclassifier__estimator__base_estimator__random_state:12345|onevsrestclassifier__estimator__base_estimator__tol:0.0001|onevsrestclassifier__estimator__base_estimator__verbose:0|onevsrestclassifier__estimator__base_estimator:LinearSVC(C=10.0, class_weight='balanced', loss='squared_epsilon_insensitive',
          max_iter=1000.0, random_state=12345)|onevsrestclassifier__estimator__cv:5|onevsrestclassifier__estimator__ensemble:True|onevsrestclassifier__estimator__method:sigmoid|onevsrestclassifier__estimator__n_jobs:None|onevsrestclassifier__estimator:CalibratedClassifierCV(base_estimator=LinearSVC(C=10.0, class_weight='balanced',
                                                loss='squared_epsilon_insensitive',
                                                max_iter=1000.0,
                                                random_state=12345),
                       cv=5)|onevsrestclassifier__n_jobs:1",confidence,Mixed,Mixed,3,0.019814379034435378,0.021626237027672263,0.02355831039622227,0.022877265574097513,0.021746279469223556,0.04490537594474727,0.09090266230278071
13,0.7321232215947964,793,same,14,"memory:None|steps:[('standardscaler', StandardScaler()), ('onevsrestclassifier', OneVsRestClassifier(estimator=CalibratedClassifierCV(base_estimator=LinearSVC(C=10.0,
                                                                              class_weight='balanced',
                                                                              loss='squared_epsilon_insensitive',
                                                                              max_iter=1000.0,
                                                                              random_state=12345),
                                                     cv=5),
                    n_jobs=1))]|verbose:False|standardscaler:StandardScaler()|onevsrestclassifier:OneVsRestClassifier(estimator=CalibratedClassifierCV(base_estimator=LinearSVC(C=10.0,
                                                                              class_weight='balanced',
                                                                              loss='squared_epsilon_insensitive',
                                                                              max_iter=1000.0,
                                                                              random_state=12345),
                                                     cv=5),
                    n_jobs=1)|standardscaler__copy:True|standardscaler__with_mean:True|standardscaler__with_std:True|onevsrestclassifier__estimator__base_estimator__C:10.0|onevsrestclassifier__estimator__base_estimator__class_weight:balanced|onevsrestclassifier__estimator__base_estimator__dual:True|onevsrestclassifier__estimator__base_estimator__fit_intercept:True|onevsrestclassifier__estimator__base_estimator__intercept_scaling:1|onevsrestclassifier__estimator__base_estimator__loss:squared_epsilon_insensitive|onevsrestclassifier__estimator__base_estimator__max_iter:1000.0|onevsrestclassifier__estimator__base_estimator__multi_class:ovr|onevsrestclassifier__estimator__base_estimator__penalty:l2|onevsrestclassifier__estimator__base_estimator__random_state:12345|onevsrestclassifier__estimator__base_estimator__tol:0.0001|onevsrestclassifier__estimator__base_estimator__verbose:0|onevsrestclassifier__estimator__base_estimator:LinearSVC(C=10.0, class_weight='balanced', loss='squared_epsilon_insensitive',
          max_iter=1000.0, random_state=12345)|onevsrestclassifier__estimator__cv:5|onevsrestclassifier__estimator__ensemble:True|onevsrestclassifier__estimator__method:sigmoid|onevsrestclassifier__estimator__n_jobs:None|onevsrestclassifier__estimator:CalibratedClassifierCV(base_estimator=LinearSVC(C=10.0, class_weight='balanced',
                                                loss='squared_epsilon_insensitive',
                                                max_iter=1000.0,
                                                random_state=12345),
                       cv=5)|onevsrestclassifier__n_jobs:1",confidence,Mixed,Mixed,4,0.014855196817681082,0.023256183225894386,0.018870472904027796,0.023303453216283455,0.023567887598379564,0.04942013000292324,0.10148649469502073
13,0.7321232215947964,793,same,14,"memory:None|steps:[('standardscaler', StandardScaler()), ('onevsrestclassifier', OneVsRestClassifier(estimator=CalibratedClassifierCV(base_estimator=LinearSVC(C=10.0,
                                                                              class_weight='balanced',
                                                                              loss='squared_epsilon_insensitive',
                                                                              max_iter=1000.0,
                                                                              random_state=12345),
                                                     cv=5),
                    n_jobs=1))]|verbose:False|standardscaler:StandardScaler()|onevsrestclassifier:OneVsRestClassifier(estimator=CalibratedClassifierCV(base_estimator=LinearSVC(C=10.0,
                                                                              class_weight='balanced',
                                                                              loss='squared_epsilon_insensitive',
                                                                              max_iter=1000.0,
                                                                              random_state=12345),
                                                     cv=5),
                    n_jobs=1)|standardscaler__copy:True|standardscaler__with_mean:True|standardscaler__with_std:True|onevsrestclassifier__estimator__base_estimator__C:10.0|onevsrestclassifier__estimator__base_estimator__class_weight:balanced|onevsrestclassifier__estimator__base_estimator__dual:True|onevsrestclassifier__estimator__base_estimator__fit_intercept:True|onevsrestclassifier__estimator__base_estimator__intercept_scaling:1|onevsrestclassifier__estimator__base_estimator__loss:squared_epsilon_insensitive|onevsrestclassifier__estimator__base_estimator__max_iter:1000.0|onevsrestclassifier__estimator__base_estimator__multi_class:ovr|onevsrestclassifier__estimator__base_estimator__penalty:l2|onevsrestclassifier__estimator__base_estimator__random_state:12345|onevsrestclassifier__estimator__base_estimator__tol:0.0001|onevsrestclassifier__estimator__base_estimator__verbose:0|onevsrestclassifier__estimator__base_estimator:LinearSVC(C=10.0, class_weight='balanced', loss='squared_epsilon_insensitive',
          max_iter=1000.0, random_state=12345)|onevsrestclassifier__estimator__cv:5|onevsrestclassifier__estimator__ensemble:True|onevsrestclassifier__estimator__method:sigmoid|onevsrestclassifier__estimator__n_jobs:None|onevsrestclassifier__estimator:CalibratedClassifierCV(base_estimator=LinearSVC(C=10.0, class_weight='balanced',
                                                loss='squared_epsilon_insensitive',
                                                max_iter=1000.0,
                                                random_state=12345),
                       cv=5)|onevsrestclassifier__n_jobs:1",confidence,Mixed,Mixed,5,0.026874001379717675,0.016748290648899867,0.027871284142442054,0.02317882220139516,0.029676609056540484,0.048257755658670416,0.10237089484787659
14,0.6784877029044021,893,same,15,"memory:None|steps:[('standardscaler', StandardScaler()), ('onevsrestclassifier', OneVsRestClassifier(estimator=CalibratedClassifierCV(base_estimator=LinearSVC(C=10.0,
                                                                              class_weight='balanced',
                                                                              loss='squared_epsilon_insensitive',
                                                                              max_iter=1000.0,
                                                                              random_state=12345),
                                                     cv=5),
                    n_jobs=1))]|verbose:False|standardscaler:StandardScaler()|onevsrestclassifier:OneVsRestClassifier(estimator=CalibratedClassifierCV(base_estimator=LinearSVC(C=10.0,
                                                                              class_weight='balanced',
                                                                              loss='squared_epsilon_insensitive',
                                                                              max_iter=1000.0,
                                                                              random_state=12345),
                                                     cv=5),
                    n_jobs=1)|standardscaler__copy:True|standardscaler__with_mean:True|standardscaler__with_std:True|onevsrestclassifier__estimator__base_estimator__C:10.0|onevsrestclassifier__estimator__base_estimator__class_weight:balanced|onevsrestclassifier__estimator__base_estimator__dual:True|onevsrestclassifier__estimator__base_estimator__fit_intercept:True|onevsrestclassifier__estimator__base_estimator__intercept_scaling:1|onevsrestclassifier__estimator__base_estimator__loss:squared_epsilon_insensitive|onevsrestclassifier__estimator__base_estimator__max_iter:1000.0|onevsrestclassifier__estimator__base_estimator__multi_class:ovr|onevsrestclassifier__estimator__base_estimator__penalty:l2|onevsrestclassifier__estimator__base_estimator__random_state:12345|onevsrestclassifier__estimator__base_estimator__tol:0.0001|onevsrestclassifier__estimator__base_estimator__verbose:0|onevsrestclassifier__estimator__base_estimator:LinearSVC(C=10.0, class_weight='balanced', loss='squared_epsilon_insensitive',
          max_iter=1000.0, random_state=12345)|onevsrestclassifier__estimator__cv:5|onevsrestclassifier__estimator__ensemble:True|onevsrestclassifier__estimator__method:sigmoid|onevsrestclassifier__estimator__n_jobs:None|onevsrestclassifier__estimator:CalibratedClassifierCV(base_estimator=LinearSVC(C=10.0, class_weight='balanced',
                                                loss='squared_epsilon_insensitive',
                                                max_iter=1000.0,
                                                random_state=12345),
                       cv=5)|onevsrestclassifier__n_jobs:1",confidence,Mixed,Mixed,1,0.022230310179489968,0.013777652159948688,0.018369241221425702,0.0324179882470385,0.028109661720520877,0.050744813485617914,0.09717475735953059
14,0.6784877029044021,893,same,15,"memory:None|steps:[('standardscaler', StandardScaler()), ('onevsrestclassifier', OneVsRestClassifier(estimator=CalibratedClassifierCV(base_estimator=LinearSVC(C=10.0,
                                                                              class_weight='balanced',
                                                                              loss='squared_epsilon_insensitive',
                                                                              max_iter=1000.0,
                                                                              random_state=12345),
                                                     cv=5),
                    n_jobs=1))]|verbose:False|standardscaler:StandardScaler()|onevsrestclassifier:OneVsRestClassifier(estimator=CalibratedClassifierCV(base_estimator=LinearSVC(C=10.0,
                                                                              class_weight='balanced',
                                                                              loss='squared_epsilon_insensitive',
                                                                              max_iter=1000.0,
                                                                              random_state=12345),
                                                     cv=5),
                    n_jobs=1)|standardscaler__copy:True|standardscaler__with_mean:True|standardscaler__with_std:True|onevsrestclassifier__estimator__base_estimator__C:10.0|onevsrestclassifier__estimator__base_estimator__class_weight:balanced|onevsrestclassifier__estimator__base_estimator__dual:True|onevsrestclassifier__estimator__base_estimator__fit_intercept:True|onevsrestclassifier__estimator__base_estimator__intercept_scaling:1|onevsrestclassifier__estimator__base_estimator__loss:squared_epsilon_insensitive|onevsrestclassifier__estimator__base_estimator__max_iter:1000.0|onevsrestclassifier__estimator__base_estimator__multi_class:ovr|onevsrestclassifier__estimator__base_estimator__penalty:l2|onevsrestclassifier__estimator__base_estimator__random_state:12345|onevsrestclassifier__estimator__base_estimator__tol:0.0001|onevsrestclassifier__estimator__base_estimator__verbose:0|onevsrestclassifier__estimator__base_estimator:LinearSVC(C=10.0, class_weight='balanced', loss='squared_epsilon_insensitive',
          max_iter=1000.0, random_state=12345)|onevsrestclassifier__estimator__cv:5|onevsrestclassifier__estimator__ensemble:True|onevsrestclassifier__estimator__method:sigmoid|onevsrestclassifier__estimator__n_jobs:None|onevsrestclassifier__estimator:CalibratedClassifierCV(base_estimator=LinearSVC(C=10.0, class_weight='balanced',
                                                loss='squared_epsilon_insensitive',
                                                max_iter=1000.0,
                                                random_state=12345),
                       cv=5)|onevsrestclassifier__n_jobs:1",confidence,Mixed,Mixed,2,0.02467154464505223,0.016067087399371235,0.026321760681510507,0.031001523679197018,0.022555852412444795,0.04947292061776846,0.09931867533330843
14,0.6784877029044021,893,same,15,"memory:None|steps:[('standardscaler', StandardScaler()), ('onevsrestclassifier', OneVsRestClassifier(estimator=CalibratedClassifierCV(base_estimator=LinearSVC(C=10.0,
                                                                              class_weight='balanced',
                                                                              loss='squared_epsilon_insensitive',
                                                                              max_iter=1000.0,
                                                                              random_state=12345),
                                                     cv=5),
                    n_jobs=1))]|verbose:False|standardscaler:StandardScaler()|onevsrestclassifier:OneVsRestClassifier(estimator=CalibratedClassifierCV(base_estimator=LinearSVC(C=10.0,
                                                                              class_weight='balanced',
                                                                              loss='squared_epsilon_insensitive',
                                                                              max_iter=1000.0,
                                                                              random_state=12345),
                                                     cv=5),
                    n_jobs=1)|standardscaler__copy:True|standardscaler__with_mean:True|standardscaler__with_std:True|onevsrestclassifier__estimator__base_estimator__C:10.0|onevsrestclassifier__estimator__base_estimator__class_weight:balanced|onevsrestclassifier__estimator__base_estimator__dual:True|onevsrestclassifier__estimator__base_estimator__fit_intercept:True|onevsrestclassifier__estimator__base_estimator__intercept_scaling:1|onevsrestclassifier__estimator__base_estimator__loss:squared_epsilon_insensitive|onevsrestclassifier__estimator__base_estimator__max_iter:1000.0|onevsrestclassifier__estimator__base_estimator__multi_class:ovr|onevsrestclassifier__estimator__base_estimator__penalty:l2|onevsrestclassifier__estimator__base_estimator__random_state:12345|onevsrestclassifier__estimator__base_estimator__tol:0.0001|onevsrestclassifier__estimator__base_estimator__verbose:0|onevsrestclassifier__estimator__base_estimator:LinearSVC(C=10.0, class_weight='balanced', loss='squared_epsilon_insensitive',
          max_iter=1000.0, random_state=12345)|onevsrestclassifier__estimator__cv:5|onevsrestclassifier__estimator__ensemble:True|onevsrestclassifier__estimator__method:sigmoid|onevsrestclassifier__estimator__n_jobs:None|onevsrestclassifier__estimator:CalibratedClassifierCV(base_estimator=LinearSVC(C=10.0, class_weight='balanced',
                                                loss='squared_epsilon_insensitive',
                                                max_iter=1000.0,
                                                random_state=12345),
                       cv=5)|onevsrestclassifier__n_jobs:1",confidence,Mixed,Mixed,3,0.024992958901224518,0.017145262685490614,0.021188398185088542,0.02754475802060511,0.019957289129349538,0.04713395460645336,0.09443108784728108
14,0.6784877029044021,893,same,15,"memory:None|steps:[('standardscaler', StandardScaler()), ('onevsrestclassifier', OneVsRestClassifier(estimator=CalibratedClassifierCV(base_estimator=LinearSVC(C=10.0,
                                                                              class_weight='balanced',
                                                                              loss='squared_epsilon_insensitive',
                                                                              max_iter=1000.0,
                                                                              random_state=12345),
                                                     cv=5),
                    n_jobs=1))]|verbose:False|standardscaler:StandardScaler()|onevsrestclassifier:OneVsRestClassifier(estimator=CalibratedClassifierCV(base_estimator=LinearSVC(C=10.0,
                                                                              class_weight='balanced',
                                                                              loss='squared_epsilon_insensitive',
                                                                              max_iter=1000.0,
                                                                              random_state=12345),
                                                     cv=5),
                    n_jobs=1)|standardscaler__copy:True|standardscaler__with_mean:True|standardscaler__with_std:True|onevsrestclassifier__estimator__base_estimator__C:10.0|onevsrestclassifier__estimator__base_estimator__class_weight:balanced|onevsrestclassifier__estimator__base_estimator__dual:True|onevsrestclassifier__estimator__base_estimator__fit_intercept:True|onevsrestclassifier__estimator__base_estimator__intercept_scaling:1|onevsrestclassifier__estimator__base_estimator__loss:squared_epsilon_insensitive|onevsrestclassifier__estimator__base_estimator__max_iter:1000.0|onevsrestclassifier__estimator__base_estimator__multi_class:ovr|onevsrestclassifier__estimator__base_estimator__penalty:l2|onevsrestclassifier__estimator__base_estimator__random_state:12345|onevsrestclassifier__estimator__base_estimator__tol:0.0001|onevsrestclassifier__estimator__base_estimator__verbose:0|onevsrestclassifier__estimator__base_estimator:LinearSVC(C=10.0, class_weight='balanced', loss='squared_epsilon_insensitive',
          max_iter=1000.0, random_state=12345)|onevsrestclassifier__estimator__cv:5|onevsrestclassifier__estimator__ensemble:True|onevsrestclassifier__estimator__method:sigmoid|onevsrestclassifier__estimator__n_jobs:None|onevsrestclassifier__estimator:CalibratedClassifierCV(base_estimator=LinearSVC(C=10.0, class_weight='balanced',
                                                loss='squared_epsilon_insensitive',
                                                max_iter=1000.0,
                                                random_state=12345),
                       cv=5)|onevsrestclassifier__n_jobs:1",confidence,Mixed,Mixed,4,0.021439762503820053,0.02156699838084539,0.016570740274862796,0.025823992474396734,0.023160609978682987,0.049638347487654194,0.10487946911253947
14,0.6784877029044021,893,same,15,"memory:None|steps:[('standardscaler', StandardScaler()), ('onevsrestclassifier', OneVsRestClassifier(estimator=CalibratedClassifierCV(base_estimator=LinearSVC(C=10.0,
                                                                              class_weight='balanced',
                                                                              loss='squared_epsilon_insensitive',
                                                                              max_iter=1000.0,
                                                                              random_state=12345),
                                                     cv=5),
                    n_jobs=1))]|verbose:False|standardscaler:StandardScaler()|onevsrestclassifier:OneVsRestClassifier(estimator=CalibratedClassifierCV(base_estimator=LinearSVC(C=10.0,
                                                                              class_weight='balanced',
                                                                              loss='squared_epsilon_insensitive',
                                                                              max_iter=1000.0,
                                                                              random_state=12345),
                                                     cv=5),
                    n_jobs=1)|standardscaler__copy:True|standardscaler__with_mean:True|standardscaler__with_std:True|onevsrestclassifier__estimator__base_estimator__C:10.0|onevsrestclassifier__estimator__base_estimator__class_weight:balanced|onevsrestclassifier__estimator__base_estimator__dual:True|onevsrestclassifier__estimator__base_estimator__fit_intercept:True|onevsrestclassifier__estimator__base_estimator__intercept_scaling:1|onevsrestclassifier__estimator__base_estimator__loss:squared_epsilon_insensitive|onevsrestclassifier__estimator__base_estimator__max_iter:1000.0|onevsrestclassifier__estimator__base_estimator__multi_class:ovr|onevsrestclassifier__estimator__base_estimator__penalty:l2|onevsrestclassifier__estimator__base_estimator__random_state:12345|onevsrestclassifier__estimator__base_estimator__tol:0.0001|onevsrestclassifier__estimator__base_estimator__verbose:0|onevsrestclassifier__estimator__base_estimator:LinearSVC(C=10.0, class_weight='balanced', loss='squared_epsilon_insensitive',
          max_iter=1000.0, random_state=12345)|onevsrestclassifier__estimator__cv:5|onevsrestclassifier__estimator__ensemble:True|onevsrestclassifier__estimator__method:sigmoid|onevsrestclassifier__estimator__n_jobs:None|onevsrestclassifier__estimator:CalibratedClassifierCV(base_estimator=LinearSVC(C=10.0, class_weight='balanced',
                                                loss='squared_epsilon_insensitive',
                                                max_iter=1000.0,
                                                random_state=12345),
                       cv=5)|onevsrestclassifier__n_jobs:1",confidence,Mixed,Mixed,5,0.026110829936359162,0.019545049723776037,0.023162319023442048,0.02508449823449506,0.03090195096473962,0.05056787530624817,0.10517229836164597
15,0.6030318532759564,893,same,16,"memory:None|steps:[('standardscaler', StandardScaler()), ('onevsrestclassifier', OneVsRestClassifier(estimator=CalibratedClassifierCV(base_estimator=LinearSVC(C=10.0,
                                                                              class_weight='balanced',
                                                                              loss='squared_epsilon_insensitive',
                                                                              max_iter=1000.0,
                                                                              random_state=12345),
                                                     cv=5),
                    n_jobs=1))]|verbose:False|standardscaler:StandardScaler()|onevsrestclassifier:OneVsRestClassifier(estimator=CalibratedClassifierCV(base_estimator=LinearSVC(C=10.0,
                                                                              class_weight='balanced',
                                                                              loss='squared_epsilon_insensitive',
                                                                              max_iter=1000.0,
                                                                              random_state=12345),
                                                     cv=5),
                    n_jobs=1)|standardscaler__copy:True|standardscaler__with_mean:True|standardscaler__with_std:True|onevsrestclassifier__estimator__base_estimator__C:10.0|onevsrestclassifier__estimator__base_estimator__class_weight:balanced|onevsrestclassifier__estimator__base_estimator__dual:True|onevsrestclassifier__estimator__base_estimator__fit_intercept:True|onevsrestclassifier__estimator__base_estimator__intercept_scaling:1|onevsrestclassifier__estimator__base_estimator__loss:squared_epsilon_insensitive|onevsrestclassifier__estimator__base_estimator__max_iter:1000.0|onevsrestclassifier__estimator__base_estimator__multi_class:ovr|onevsrestclassifier__estimator__base_estimator__penalty:l2|onevsrestclassifier__estimator__base_estimator__random_state:12345|onevsrestclassifier__estimator__base_estimator__tol:0.0001|onevsrestclassifier__estimator__base_estimator__verbose:0|onevsrestclassifier__estimator__base_estimator:LinearSVC(C=10.0, class_weight='balanced', loss='squared_epsilon_insensitive',
          max_iter=1000.0, random_state=12345)|onevsrestclassifier__estimator__cv:5|onevsrestclassifier__estimator__ensemble:True|onevsrestclassifier__estimator__method:sigmoid|onevsrestclassifier__estimator__n_jobs:None|onevsrestclassifier__estimator:CalibratedClassifierCV(base_estimator=LinearSVC(C=10.0, class_weight='balanced',
                                                loss='squared_epsilon_insensitive',
                                                max_iter=1000.0,
                                                random_state=12345),
                       cv=5)|onevsrestclassifier__n_jobs:1",confidence,Mixed,Mixed,1,0.021919634674243293,0.014189613527231991,0.020875874289011085,0.033258864277309876,0.027172068630696256,0.04913280543148708,0.10375837522495546
15,0.6030318532759564,893,same,16,"memory:None|steps:[('standardscaler', StandardScaler()), ('onevsrestclassifier', OneVsRestClassifier(estimator=CalibratedClassifierCV(base_estimator=LinearSVC(C=10.0,
                                                                              class_weight='balanced',
                                                                              loss='squared_epsilon_insensitive',
                                                                              max_iter=1000.0,
                                                                              random_state=12345),
                                                     cv=5),
                    n_jobs=1))]|verbose:False|standardscaler:StandardScaler()|onevsrestclassifier:OneVsRestClassifier(estimator=CalibratedClassifierCV(base_estimator=LinearSVC(C=10.0,
                                                                              class_weight='balanced',
                                                                              loss='squared_epsilon_insensitive',
                                                                              max_iter=1000.0,
                                                                              random_state=12345),
                                                     cv=5),
                    n_jobs=1)|standardscaler__copy:True|standardscaler__with_mean:True|standardscaler__with_std:True|onevsrestclassifier__estimator__base_estimator__C:10.0|onevsrestclassifier__estimator__base_estimator__class_weight:balanced|onevsrestclassifier__estimator__base_estimator__dual:True|onevsrestclassifier__estimator__base_estimator__fit_intercept:True|onevsrestclassifier__estimator__base_estimator__intercept_scaling:1|onevsrestclassifier__estimator__base_estimator__loss:squared_epsilon_insensitive|onevsrestclassifier__estimator__base_estimator__max_iter:1000.0|onevsrestclassifier__estimator__base_estimator__multi_class:ovr|onevsrestclassifier__estimator__base_estimator__penalty:l2|onevsrestclassifier__estimator__base_estimator__random_state:12345|onevsrestclassifier__estimator__base_estimator__tol:0.0001|onevsrestclassifier__estimator__base_estimator__verbose:0|onevsrestclassifier__estimator__base_estimator:LinearSVC(C=10.0, class_weight='balanced', loss='squared_epsilon_insensitive',
          max_iter=1000.0, random_state=12345)|onevsrestclassifier__estimator__cv:5|onevsrestclassifier__estimator__ensemble:True|onevsrestclassifier__estimator__method:sigmoid|onevsrestclassifier__estimator__n_jobs:None|onevsrestclassifier__estimator:CalibratedClassifierCV(base_estimator=LinearSVC(C=10.0, class_weight='balanced',
                                                loss='squared_epsilon_insensitive',
                                                max_iter=1000.0,
                                                random_state=12345),
                       cv=5)|onevsrestclassifier__n_jobs:1",confidence,Mixed,Mixed,2,0.029698177518313704,0.02043067274355677,0.026758910280448283,0.030361191662062123,0.02185623541780758,0.04926424134739289,0.10341143376498001
15,0.6030318532759564,893,same,16,"memory:None|steps:[('standardscaler', StandardScaler()), ('onevsrestclassifier', OneVsRestClassifier(estimator=CalibratedClassifierCV(base_estimator=LinearSVC(C=10.0,
                                                                              class_weight='balanced',
                                                                              loss='squared_epsilon_insensitive',
                                                                              max_iter=1000.0,
                                                                              random_state=12345),
                                                     cv=5),
                    n_jobs=1))]|verbose:False|standardscaler:StandardScaler()|onevsrestclassifier:OneVsRestClassifier(estimator=CalibratedClassifierCV(base_estimator=LinearSVC(C=10.0,
                                                                              class_weight='balanced',
                                                                              loss='squared_epsilon_insensitive',
                                                                              max_iter=1000.0,
                                                                              random_state=12345),
                                                     cv=5),
                    n_jobs=1)|standardscaler__copy:True|standardscaler__with_mean:True|standardscaler__with_std:True|onevsrestclassifier__estimator__base_estimator__C:10.0|onevsrestclassifier__estimator__base_estimator__class_weight:balanced|onevsrestclassifier__estimator__base_estimator__dual:True|onevsrestclassifier__estimator__base_estimator__fit_intercept:True|onevsrestclassifier__estimator__base_estimator__intercept_scaling:1|onevsrestclassifier__estimator__base_estimator__loss:squared_epsilon_insensitive|onevsrestclassifier__estimator__base_estimator__max_iter:1000.0|onevsrestclassifier__estimator__base_estimator__multi_class:ovr|onevsrestclassifier__estimator__base_estimator__penalty:l2|onevsrestclassifier__estimator__base_estimator__random_state:12345|onevsrestclassifier__estimator__base_estimator__tol:0.0001|onevsrestclassifier__estimator__base_estimator__verbose:0|onevsrestclassifier__estimator__base_estimator:LinearSVC(C=10.0, class_weight='balanced', loss='squared_epsilon_insensitive',
          max_iter=1000.0, random_state=12345)|onevsrestclassifier__estimator__cv:5|onevsrestclassifier__estimator__ensemble:True|onevsrestclassifier__estimator__method:sigmoid|onevsrestclassifier__estimator__n_jobs:None|onevsrestclassifier__estimator:CalibratedClassifierCV(base_estimator=LinearSVC(C=10.0, class_weight='balanced',
                                                loss='squared_epsilon_insensitive',
                                                max_iter=1000.0,
                                                random_state=12345),
                       cv=5)|onevsrestclassifier__n_jobs:1",confidence,Mixed,Mixed,3,0.026925551566793132,0.021398314550744185,0.0249386427685201,0.029630472190654827,0.023039640630374995,0.04700236332743234,0.10095774071473876
15,0.6030318532759564,893,same,16,"memory:None|steps:[('standardscaler', StandardScaler()), ('onevsrestclassifier', OneVsRestClassifier(estimator=CalibratedClassifierCV(base_estimator=LinearSVC(C=10.0,
                                                                              class_weight='balanced',
                                                                              loss='squared_epsilon_insensitive',
                                                                              max_iter=1000.0,
                                                                              random_state=12345),
                                                     cv=5),
                    n_jobs=1))]|verbose:False|standardscaler:StandardScaler()|onevsrestclassifier:OneVsRestClassifier(estimator=CalibratedClassifierCV(base_estimator=LinearSVC(C=10.0,
                                                                              class_weight='balanced',
                                                                              loss='squared_epsilon_insensitive',
                                                                              max_iter=1000.0,
                                                                              random_state=12345),
                                                     cv=5),
                    n_jobs=1)|standardscaler__copy:True|standardscaler__with_mean:True|standardscaler__with_std:True|onevsrestclassifier__estimator__base_estimator__C:10.0|onevsrestclassifier__estimator__base_estimator__class_weight:balanced|onevsrestclassifier__estimator__base_estimator__dual:True|onevsrestclassifier__estimator__base_estimator__fit_intercept:True|onevsrestclassifier__estimator__base_estimator__intercept_scaling:1|onevsrestclassifier__estimator__base_estimator__loss:squared_epsilon_insensitive|onevsrestclassifier__estimator__base_estimator__max_iter:1000.0|onevsrestclassifier__estimator__base_estimator__multi_class:ovr|onevsrestclassifier__estimator__base_estimator__penalty:l2|onevsrestclassifier__estimator__base_estimator__random_state:12345|onevsrestclassifier__estimator__base_estimator__tol:0.0001|onevsrestclassifier__estimator__base_estimator__verbose:0|onevsrestclassifier__estimator__base_estimator:LinearSVC(C=10.0, class_weight='balanced', loss='squared_epsilon_insensitive',
          max_iter=1000.0, random_state=12345)|onevsrestclassifier__estimator__cv:5|onevsrestclassifier__estimator__ensemble:True|onevsrestclassifier__estimator__method:sigmoid|onevsrestclassifier__estimator__n_jobs:None|onevsrestclassifier__estimator:CalibratedClassifierCV(base_estimator=LinearSVC(C=10.0, class_weight='balanced',
                                                loss='squared_epsilon_insensitive',
                                                max_iter=1000.0,
                                                random_state=12345),
                       cv=5)|onevsrestclassifier__n_jobs:1",confidence,Mixed,Mixed,4,0.021207885309916553,0.019602556889069134,0.017967416227916047,0.025854403008006392,0.02311826053065716,0.05041470129161724,0.10768254554536832
15,0.6030318532759564,893,same,16,"memory:None|steps:[('standardscaler', StandardScaler()), ('onevsrestclassifier', OneVsRestClassifier(estimator=CalibratedClassifierCV(base_estimator=LinearSVC(C=10.0,
                                                                              class_weight='balanced',
                                                                              loss='squared_epsilon_insensitive',
                                                                              max_iter=1000.0,
                                                                              random_state=12345),
                                                     cv=5),
                    n_jobs=1))]|verbose:False|standardscaler:StandardScaler()|onevsrestclassifier:OneVsRestClassifier(estimator=CalibratedClassifierCV(base_estimator=LinearSVC(C=10.0,
                                                                              class_weight='balanced',
                                                                              loss='squared_epsilon_insensitive',
                                                                              max_iter=1000.0,
                                                                              random_state=12345),
                                                     cv=5),
                    n_jobs=1)|standardscaler__copy:True|standardscaler__with_mean:True|standardscaler__with_std:True|onevsrestclassifier__estimator__base_estimator__C:10.0|onevsrestclassifier__estimator__base_estimator__class_weight:balanced|onevsrestclassifier__estimator__base_estimator__dual:True|onevsrestclassifier__estimator__base_estimator__fit_intercept:True|onevsrestclassifier__estimator__base_estimator__intercept_scaling:1|onevsrestclassifier__estimator__base_estimator__loss:squared_epsilon_insensitive|onevsrestclassifier__estimator__base_estimator__max_iter:1000.0|onevsrestclassifier__estimator__base_estimator__multi_class:ovr|onevsrestclassifier__estimator__base_estimator__penalty:l2|onevsrestclassifier__estimator__base_estimator__random_state:12345|onevsrestclassifier__estimator__base_estimator__tol:0.0001|onevsrestclassifier__estimator__base_estimator__verbose:0|onevsrestclassifier__estimator__base_estimator:LinearSVC(C=10.0, class_weight='balanced', loss='squared_epsilon_insensitive',
          max_iter=1000.0, random_state=12345)|onevsrestclassifier__estimator__cv:5|onevsrestclassifier__estimator__ensemble:True|onevsrestclassifier__estimator__method:sigmoid|onevsrestclassifier__estimator__n_jobs:None|onevsrestclassifier__estimator:CalibratedClassifierCV(base_estimator=LinearSVC(C=10.0, class_weight='balanced',
                                                loss='squared_epsilon_insensitive',
                                                max_iter=1000.0,
                                                random_state=12345),
                       cv=5)|onevsrestclassifier__n_jobs:1",confidence,Mixed,Mixed,5,0.026245453538944526,0.01894637515482614,0.025249451902482584,0.023930056115553412,0.02984628100768776,0.04877626591135332,0.11024265293573106
16,0.7777070811444741,893,same,17,"memory:None|steps:[('standardscaler', StandardScaler()), ('onevsrestclassifier', OneVsRestClassifier(estimator=CalibratedClassifierCV(base_estimator=LinearSVC(C=10.0,
                                                                              class_weight='balanced',
                                                                              loss='squared_epsilon_insensitive',
                                                                              max_iter=1000.0,
                                                                              random_state=12345),
                                                     cv=5),
                    n_jobs=1))]|verbose:False|standardscaler:StandardScaler()|onevsrestclassifier:OneVsRestClassifier(estimator=CalibratedClassifierCV(base_estimator=LinearSVC(C=10.0,
                                                                              class_weight='balanced',
                                                                              loss='squared_epsilon_insensitive',
                                                                              max_iter=1000.0,
                                                                              random_state=12345),
                                                     cv=5),
                    n_jobs=1)|standardscaler__copy:True|standardscaler__with_mean:True|standardscaler__with_std:True|onevsrestclassifier__estimator__base_estimator__C:10.0|onevsrestclassifier__estimator__base_estimator__class_weight:balanced|onevsrestclassifier__estimator__base_estimator__dual:True|onevsrestclassifier__estimator__base_estimator__fit_intercept:True|onevsrestclassifier__estimator__base_estimator__intercept_scaling:1|onevsrestclassifier__estimator__base_estimator__loss:squared_epsilon_insensitive|onevsrestclassifier__estimator__base_estimator__max_iter:1000.0|onevsrestclassifier__estimator__base_estimator__multi_class:ovr|onevsrestclassifier__estimator__base_estimator__penalty:l2|onevsrestclassifier__estimator__base_estimator__random_state:12345|onevsrestclassifier__estimator__base_estimator__tol:0.0001|onevsrestclassifier__estimator__base_estimator__verbose:0|onevsrestclassifier__estimator__base_estimator:LinearSVC(C=10.0, class_weight='balanced', loss='squared_epsilon_insensitive',
          max_iter=1000.0, random_state=12345)|onevsrestclassifier__estimator__cv:5|onevsrestclassifier__estimator__ensemble:True|onevsrestclassifier__estimator__method:sigmoid|onevsrestclassifier__estimator__n_jobs:None|onevsrestclassifier__estimator:CalibratedClassifierCV(base_estimator=LinearSVC(C=10.0, class_weight='balanced',
                                                loss='squared_epsilon_insensitive',
                                                max_iter=1000.0,
                                                random_state=12345),
                       cv=5)|onevsrestclassifier__n_jobs:1",confidence,Mixed,Mixed,1,0.0209129299223827,0.011811743571834163,0.022528888777810965,0.03291162691432615,0.024639799489217434,0.049527025375001164,0.09832291997561052
16,0.7777070811444741,893,same,17,"memory:None|steps:[('standardscaler', StandardScaler()), ('onevsrestclassifier', OneVsRestClassifier(estimator=CalibratedClassifierCV(base_estimator=LinearSVC(C=10.0,
                                                                              class_weight='balanced',
                                                                              loss='squared_epsilon_insensitive',
                                                                              max_iter=1000.0,
                                                                              random_state=12345),
                                                     cv=5),
                    n_jobs=1))]|verbose:False|standardscaler:StandardScaler()|onevsrestclassifier:OneVsRestClassifier(estimator=CalibratedClassifierCV(base_estimator=LinearSVC(C=10.0,
                                                                              class_weight='balanced',
                                                                              loss='squared_epsilon_insensitive',
                                                                              max_iter=1000.0,
                                                                              random_state=12345),
                                                     cv=5),
                    n_jobs=1)|standardscaler__copy:True|standardscaler__with_mean:True|standardscaler__with_std:True|onevsrestclassifier__estimator__base_estimator__C:10.0|onevsrestclassifier__estimator__base_estimator__class_weight:balanced|onevsrestclassifier__estimator__base_estimator__dual:True|onevsrestclassifier__estimator__base_estimator__fit_intercept:True|onevsrestclassifier__estimator__base_estimator__intercept_scaling:1|onevsrestclassifier__estimator__base_estimator__loss:squared_epsilon_insensitive|onevsrestclassifier__estimator__base_estimator__max_iter:1000.0|onevsrestclassifier__estimator__base_estimator__multi_class:ovr|onevsrestclassifier__estimator__base_estimator__penalty:l2|onevsrestclassifier__estimator__base_estimator__random_state:12345|onevsrestclassifier__estimator__base_estimator__tol:0.0001|onevsrestclassifier__estimator__base_estimator__verbose:0|onevsrestclassifier__estimator__base_estimator:LinearSVC(C=10.0, class_weight='balanced', loss='squared_epsilon_insensitive',
          max_iter=1000.0, random_state=12345)|onevsrestclassifier__estimator__cv:5|onevsrestclassifier__estimator__ensemble:True|onevsrestclassifier__estimator__method:sigmoid|onevsrestclassifier__estimator__n_jobs:None|onevsrestclassifier__estimator:CalibratedClassifierCV(base_estimator=LinearSVC(C=10.0, class_weight='balanced',
                                                loss='squared_epsilon_insensitive',
                                                max_iter=1000.0,
                                                random_state=12345),
                       cv=5)|onevsrestclassifier__n_jobs:1",confidence,Mixed,Mixed,2,0.02533372910209155,0.01553351712576459,0.03181018679450983,0.033326858898463,0.022551505353672258,0.049689504732238335,0.09996336657724102
16,0.7777070811444741,893,same,17,"memory:None|steps:[('standardscaler', StandardScaler()), ('onevsrestclassifier', OneVsRestClassifier(estimator=CalibratedClassifierCV(base_estimator=LinearSVC(C=10.0,
                                                                              class_weight='balanced',
                                                                              loss='squared_epsilon_insensitive',
                                                                              max_iter=1000.0,
                                                                              random_state=12345),
                                                     cv=5),
                    n_jobs=1))]|verbose:False|standardscaler:StandardScaler()|onevsrestclassifier:OneVsRestClassifier(estimator=CalibratedClassifierCV(base_estimator=LinearSVC(C=10.0,
                                                                              class_weight='balanced',
                                                                              loss='squared_epsilon_insensitive',
                                                                              max_iter=1000.0,
                                                                              random_state=12345),
                                                     cv=5),
                    n_jobs=1)|standardscaler__copy:True|standardscaler__with_mean:True|standardscaler__with_std:True|onevsrestclassifier__estimator__base_estimator__C:10.0|onevsrestclassifier__estimator__base_estimator__class_weight:balanced|onevsrestclassifier__estimator__base_estimator__dual:True|onevsrestclassifier__estimator__base_estimator__fit_intercept:True|onevsrestclassifier__estimator__base_estimator__intercept_scaling:1|onevsrestclassifier__estimator__base_estimator__loss:squared_epsilon_insensitive|onevsrestclassifier__estimator__base_estimator__max_iter:1000.0|onevsrestclassifier__estimator__base_estimator__multi_class:ovr|onevsrestclassifier__estimator__base_estimator__penalty:l2|onevsrestclassifier__estimator__base_estimator__random_state:12345|onevsrestclassifier__estimator__base_estimator__tol:0.0001|onevsrestclassifier__estimator__base_estimator__verbose:0|onevsrestclassifier__estimator__base_estimator:LinearSVC(C=10.0, class_weight='balanced', loss='squared_epsilon_insensitive',
          max_iter=1000.0, random_state=12345)|onevsrestclassifier__estimator__cv:5|onevsrestclassifier__estimator__ensemble:True|onevsrestclassifier__estimator__method:sigmoid|onevsrestclassifier__estimator__n_jobs:None|onevsrestclassifier__estimator:CalibratedClassifierCV(base_estimator=LinearSVC(C=10.0, class_weight='balanced',
                                                loss='squared_epsilon_insensitive',
                                                max_iter=1000.0,
                                                random_state=12345),
                       cv=5)|onevsrestclassifier__n_jobs:1",confidence,Mixed,Mixed,3,0.02725335600391242,0.019843636393399793,0.025352141392944536,0.031085659233125444,0.020469952502861904,0.046250769946676075,0.09538854157449617
16,0.7777070811444741,893,same,17,"memory:None|steps:[('standardscaler', StandardScaler()), ('onevsrestclassifier', OneVsRestClassifier(estimator=CalibratedClassifierCV(base_estimator=LinearSVC(C=10.0,
                                                                              class_weight='balanced',
                                                                              loss='squared_epsilon_insensitive',
                                                                              max_iter=1000.0,
                                                                              random_state=12345),
                                                     cv=5),
                    n_jobs=1))]|verbose:False|standardscaler:StandardScaler()|onevsrestclassifier:OneVsRestClassifier(estimator=CalibratedClassifierCV(base_estimator=LinearSVC(C=10.0,
                                                                              class_weight='balanced',
                                                                              loss='squared_epsilon_insensitive',
                                                                              max_iter=1000.0,
                                                                              random_state=12345),
                                                     cv=5),
                    n_jobs=1)|standardscaler__copy:True|standardscaler__with_mean:True|standardscaler__with_std:True|onevsrestclassifier__estimator__base_estimator__C:10.0|onevsrestclassifier__estimator__base_estimator__class_weight:balanced|onevsrestclassifier__estimator__base_estimator__dual:True|onevsrestclassifier__estimator__base_estimator__fit_intercept:True|onevsrestclassifier__estimator__base_estimator__intercept_scaling:1|onevsrestclassifier__estimator__base_estimator__loss:squared_epsilon_insensitive|onevsrestclassifier__estimator__base_estimator__max_iter:1000.0|onevsrestclassifier__estimator__base_estimator__multi_class:ovr|onevsrestclassifier__estimator__base_estimator__penalty:l2|onevsrestclassifier__estimator__base_estimator__random_state:12345|onevsrestclassifier__estimator__base_estimator__tol:0.0001|onevsrestclassifier__estimator__base_estimator__verbose:0|onevsrestclassifier__estimator__base_estimator:LinearSVC(C=10.0, class_weight='balanced', loss='squared_epsilon_insensitive',
          max_iter=1000.0, random_state=12345)|onevsrestclassifier__estimator__cv:5|onevsrestclassifier__estimator__ensemble:True|onevsrestclassifier__estimator__method:sigmoid|onevsrestclassifier__estimator__n_jobs:None|onevsrestclassifier__estimator:CalibratedClassifierCV(base_estimator=LinearSVC(C=10.0, class_weight='balanced',
                                                loss='squared_epsilon_insensitive',
                                                max_iter=1000.0,
                                                random_state=12345),
                       cv=5)|onevsrestclassifier__n_jobs:1",confidence,Mixed,Mixed,4,0.022053126151813877,0.019500396865069658,0.017882564915556926,0.026484682068671175,0.024073704907674107,0.051037032313117466,0.10068064892758566
16,0.7777070811444741,893,same,17,"memory:None|steps:[('standardscaler', StandardScaler()), ('onevsrestclassifier', OneVsRestClassifier(estimator=CalibratedClassifierCV(base_estimator=LinearSVC(C=10.0,
                                                                              class_weight='balanced',
                                                                              loss='squared_epsilon_insensitive',
                                                                              max_iter=1000.0,
                                                                              random_state=12345),
                                                     cv=5),
                    n_jobs=1))]|verbose:False|standardscaler:StandardScaler()|onevsrestclassifier:OneVsRestClassifier(estimator=CalibratedClassifierCV(base_estimator=LinearSVC(C=10.0,
                                                                              class_weight='balanced',
                                                                              loss='squared_epsilon_insensitive',
                                                                              max_iter=1000.0,
                                                                              random_state=12345),
                                                     cv=5),
                    n_jobs=1)|standardscaler__copy:True|standardscaler__with_mean:True|standardscaler__with_std:True|onevsrestclassifier__estimator__base_estimator__C:10.0|onevsrestclassifier__estimator__base_estimator__class_weight:balanced|onevsrestclassifier__estimator__base_estimator__dual:True|onevsrestclassifier__estimator__base_estimator__fit_intercept:True|onevsrestclassifier__estimator__base_estimator__intercept_scaling:1|onevsrestclassifier__estimator__base_estimator__loss:squared_epsilon_insensitive|onevsrestclassifier__estimator__base_estimator__max_iter:1000.0|onevsrestclassifier__estimator__base_estimator__multi_class:ovr|onevsrestclassifier__estimator__base_estimator__penalty:l2|onevsrestclassifier__estimator__base_estimator__random_state:12345|onevsrestclassifier__estimator__base_estimator__tol:0.0001|onevsrestclassifier__estimator__base_estimator__verbose:0|onevsrestclassifier__estimator__base_estimator:LinearSVC(C=10.0, class_weight='balanced', loss='squared_epsilon_insensitive',
          max_iter=1000.0, random_state=12345)|onevsrestclassifier__estimator__cv:5|onevsrestclassifier__estimator__ensemble:True|onevsrestclassifier__estimator__method:sigmoid|onevsrestclassifier__estimator__n_jobs:None|onevsrestclassifier__estimator:CalibratedClassifierCV(base_estimator=LinearSVC(C=10.0, class_weight='balanced',
                                                loss='squared_epsilon_insensitive',
                                                max_iter=1000.0,
                                                random_state=12345),
                       cv=5)|onevsrestclassifier__n_jobs:1",confidence,Mixed,Mixed,5,0.02494520642036477,0.017030676441242985,0.02700278316801668,0.024654183584881965,0.027223429108507544,0.04730523946451671,0.10981181281002265
17,0.7214055462669815,893,same,18,"memory:None|steps:[('standardscaler', StandardScaler()), ('onevsrestclassifier', OneVsRestClassifier(estimator=CalibratedClassifierCV(base_estimator=LinearSVC(C=10.0,
                                                                              class_weight='balanced',
                                                                              loss='squared_epsilon_insensitive',
                                                                              max_iter=1000.0,
                                                                              random_state=12345),
                                                     cv=5),
                    n_jobs=1))]|verbose:False|standardscaler:StandardScaler()|onevsrestclassifier:OneVsRestClassifier(estimator=CalibratedClassifierCV(base_estimator=LinearSVC(C=10.0,
                                                                              class_weight='balanced',
                                                                              loss='squared_epsilon_insensitive',
                                                                              max_iter=1000.0,
                                                                              random_state=12345),
                                                     cv=5),
                    n_jobs=1)|standardscaler__copy:True|standardscaler__with_mean:True|standardscaler__with_std:True|onevsrestclassifier__estimator__base_estimator__C:10.0|onevsrestclassifier__estimator__base_estimator__class_weight:balanced|onevsrestclassifier__estimator__base_estimator__dual:True|onevsrestclassifier__estimator__base_estimator__fit_intercept:True|onevsrestclassifier__estimator__base_estimator__intercept_scaling:1|onevsrestclassifier__estimator__base_estimator__loss:squared_epsilon_insensitive|onevsrestclassifier__estimator__base_estimator__max_iter:1000.0|onevsrestclassifier__estimator__base_estimator__multi_class:ovr|onevsrestclassifier__estimator__base_estimator__penalty:l2|onevsrestclassifier__estimator__base_estimator__random_state:12345|onevsrestclassifier__estimator__base_estimator__tol:0.0001|onevsrestclassifier__estimator__base_estimator__verbose:0|onevsrestclassifier__estimator__base_estimator:LinearSVC(C=10.0, class_weight='balanced', loss='squared_epsilon_insensitive',
          max_iter=1000.0, random_state=12345)|onevsrestclassifier__estimator__cv:5|onevsrestclassifier__estimator__ensemble:True|onevsrestclassifier__estimator__method:sigmoid|onevsrestclassifier__estimator__n_jobs:None|onevsrestclassifier__estimator:CalibratedClassifierCV(base_estimator=LinearSVC(C=10.0, class_weight='balanced',
                                                loss='squared_epsilon_insensitive',
                                                max_iter=1000.0,
                                                random_state=12345),
                       cv=5)|onevsrestclassifier__n_jobs:1",confidence,Mixed,Mixed,1,0.02297742613929979,0.013750563106280003,0.02417239085229865,0.03090019905025276,0.026392478825951384,0.05118603654060167,0.09931815670083477
17,0.7214055462669815,893,same,18,"memory:None|steps:[('standardscaler', StandardScaler()), ('onevsrestclassifier', OneVsRestClassifier(estimator=CalibratedClassifierCV(base_estimator=LinearSVC(C=10.0,
                                                                              class_weight='balanced',
                                                                              loss='squared_epsilon_insensitive',
                                                                              max_iter=1000.0,
                                                                              random_state=12345),
                                                     cv=5),
                    n_jobs=1))]|verbose:False|standardscaler:StandardScaler()|onevsrestclassifier:OneVsRestClassifier(estimator=CalibratedClassifierCV(base_estimator=LinearSVC(C=10.0,
                                                                              class_weight='balanced',
                                                                              loss='squared_epsilon_insensitive',
                                                                              max_iter=1000.0,
                                                                              random_state=12345),
                                                     cv=5),
                    n_jobs=1)|standardscaler__copy:True|standardscaler__with_mean:True|standardscaler__with_std:True|onevsrestclassifier__estimator__base_estimator__C:10.0|onevsrestclassifier__estimator__base_estimator__class_weight:balanced|onevsrestclassifier__estimator__base_estimator__dual:True|onevsrestclassifier__estimator__base_estimator__fit_intercept:True|onevsrestclassifier__estimator__base_estimator__intercept_scaling:1|onevsrestclassifier__estimator__base_estimator__loss:squared_epsilon_insensitive|onevsrestclassifier__estimator__base_estimator__max_iter:1000.0|onevsrestclassifier__estimator__base_estimator__multi_class:ovr|onevsrestclassifier__estimator__base_estimator__penalty:l2|onevsrestclassifier__estimator__base_estimator__random_state:12345|onevsrestclassifier__estimator__base_estimator__tol:0.0001|onevsrestclassifier__estimator__base_estimator__verbose:0|onevsrestclassifier__estimator__base_estimator:LinearSVC(C=10.0, class_weight='balanced', loss='squared_epsilon_insensitive',
          max_iter=1000.0, random_state=12345)|onevsrestclassifier__estimator__cv:5|onevsrestclassifier__estimator__ensemble:True|onevsrestclassifier__estimator__method:sigmoid|onevsrestclassifier__estimator__n_jobs:None|onevsrestclassifier__estimator:CalibratedClassifierCV(base_estimator=LinearSVC(C=10.0, class_weight='balanced',
                                                loss='squared_epsilon_insensitive',
                                                max_iter=1000.0,
                                                random_state=12345),
                       cv=5)|onevsrestclassifier__n_jobs:1",confidence,Mixed,Mixed,2,0.027140178011505065,0.018149925792707054,0.028660128835946434,0.03104305733212665,0.02442419309758827,0.0516767611933348,0.09998658330168295
17,0.7214055462669815,893,same,18,"memory:None|steps:[('standardscaler', StandardScaler()), ('onevsrestclassifier', OneVsRestClassifier(estimator=CalibratedClassifierCV(base_estimator=LinearSVC(C=10.0,
                                                                              class_weight='balanced',
                                                                              loss='squared_epsilon_insensitive',
                                                                              max_iter=1000.0,
                                                                              random_state=12345),
                                                     cv=5),
                    n_jobs=1))]|verbose:False|standardscaler:StandardScaler()|onevsrestclassifier:OneVsRestClassifier(estimator=CalibratedClassifierCV(base_estimator=LinearSVC(C=10.0,
                                                                              class_weight='balanced',
                                                                              loss='squared_epsilon_insensitive',
                                                                              max_iter=1000.0,
                                                                              random_state=12345),
                                                     cv=5),
                    n_jobs=1)|standardscaler__copy:True|standardscaler__with_mean:True|standardscaler__with_std:True|onevsrestclassifier__estimator__base_estimator__C:10.0|onevsrestclassifier__estimator__base_estimator__class_weight:balanced|onevsrestclassifier__estimator__base_estimator__dual:True|onevsrestclassifier__estimator__base_estimator__fit_intercept:True|onevsrestclassifier__estimator__base_estimator__intercept_scaling:1|onevsrestclassifier__estimator__base_estimator__loss:squared_epsilon_insensitive|onevsrestclassifier__estimator__base_estimator__max_iter:1000.0|onevsrestclassifier__estimator__base_estimator__multi_class:ovr|onevsrestclassifier__estimator__base_estimator__penalty:l2|onevsrestclassifier__estimator__base_estimator__random_state:12345|onevsrestclassifier__estimator__base_estimator__tol:0.0001|onevsrestclassifier__estimator__base_estimator__verbose:0|onevsrestclassifier__estimator__base_estimator:LinearSVC(C=10.0, class_weight='balanced', loss='squared_epsilon_insensitive',
          max_iter=1000.0, random_state=12345)|onevsrestclassifier__estimator__cv:5|onevsrestclassifier__estimator__ensemble:True|onevsrestclassifier__estimator__method:sigmoid|onevsrestclassifier__estimator__n_jobs:None|onevsrestclassifier__estimator:CalibratedClassifierCV(base_estimator=LinearSVC(C=10.0, class_weight='balanced',
                                                loss='squared_epsilon_insensitive',
                                                max_iter=1000.0,
                                                random_state=12345),
                       cv=5)|onevsrestclassifier__n_jobs:1",confidence,Mixed,Mixed,3,0.02876966253948098,0.022288235144277503,0.02468667119600465,0.029380310007732714,0.022069102215844953,0.04609571953850532,0.09647315152892452
17,0.7214055462669815,893,same,18,"memory:None|steps:[('standardscaler', StandardScaler()), ('onevsrestclassifier', OneVsRestClassifier(estimator=CalibratedClassifierCV(base_estimator=LinearSVC(C=10.0,
                                                                              class_weight='balanced',
                                                                              loss='squared_epsilon_insensitive',
                                                                              max_iter=1000.0,
                                                                              random_state=12345),
                                                     cv=5),
                    n_jobs=1))]|verbose:False|standardscaler:StandardScaler()|onevsrestclassifier:OneVsRestClassifier(estimator=CalibratedClassifierCV(base_estimator=LinearSVC(C=10.0,
                                                                              class_weight='balanced',
                                                                              loss='squared_epsilon_insensitive',
                                                                              max_iter=1000.0,
                                                                              random_state=12345),
                                                     cv=5),
                    n_jobs=1)|standardscaler__copy:True|standardscaler__with_mean:True|standardscaler__with_std:True|onevsrestclassifier__estimator__base_estimator__C:10.0|onevsrestclassifier__estimator__base_estimator__class_weight:balanced|onevsrestclassifier__estimator__base_estimator__dual:True|onevsrestclassifier__estimator__base_estimator__fit_intercept:True|onevsrestclassifier__estimator__base_estimator__intercept_scaling:1|onevsrestclassifier__estimator__base_estimator__loss:squared_epsilon_insensitive|onevsrestclassifier__estimator__base_estimator__max_iter:1000.0|onevsrestclassifier__estimator__base_estimator__multi_class:ovr|onevsrestclassifier__estimator__base_estimator__penalty:l2|onevsrestclassifier__estimator__base_estimator__random_state:12345|onevsrestclassifier__estimator__base_estimator__tol:0.0001|onevsrestclassifier__estimator__base_estimator__verbose:0|onevsrestclassifier__estimator__base_estimator:LinearSVC(C=10.0, class_weight='balanced', loss='squared_epsilon_insensitive',
          max_iter=1000.0, random_state=12345)|onevsrestclassifier__estimator__cv:5|onevsrestclassifier__estimator__ensemble:True|onevsrestclassifier__estimator__method:sigmoid|onevsrestclassifier__estimator__n_jobs:None|onevsrestclassifier__estimator:CalibratedClassifierCV(base_estimator=LinearSVC(C=10.0, class_weight='balanced',
                                                loss='squared_epsilon_insensitive',
                                                max_iter=1000.0,
                                                random_state=12345),
                       cv=5)|onevsrestclassifier__n_jobs:1",confidence,Mixed,Mixed,4,0.023692420139341856,0.021045034630228464,0.018463240432045766,0.02544012541591569,0.025595850431078475,0.05136467406364202,0.10254217565862235
17,0.7214055462669815,893,same,18,"memory:None|steps:[('standardscaler', StandardScaler()), ('onevsrestclassifier', OneVsRestClassifier(estimator=CalibratedClassifierCV(base_estimator=LinearSVC(C=10.0,
                                                                              class_weight='balanced',
                                                                              loss='squared_epsilon_insensitive',
                                                                              max_iter=1000.0,
                                                                              random_state=12345),
                                                     cv=5),
                    n_jobs=1))]|verbose:False|standardscaler:StandardScaler()|onevsrestclassifier:OneVsRestClassifier(estimator=CalibratedClassifierCV(base_estimator=LinearSVC(C=10.0,
                                                                              class_weight='balanced',
                                                                              loss='squared_epsilon_insensitive',
                                                                              max_iter=1000.0,
                                                                              random_state=12345),
                                                     cv=5),
                    n_jobs=1)|standardscaler__copy:True|standardscaler__with_mean:True|standardscaler__with_std:True|onevsrestclassifier__estimator__base_estimator__C:10.0|onevsrestclassifier__estimator__base_estimator__class_weight:balanced|onevsrestclassifier__estimator__base_estimator__dual:True|onevsrestclassifier__estimator__base_estimator__fit_intercept:True|onevsrestclassifier__estimator__base_estimator__intercept_scaling:1|onevsrestclassifier__estimator__base_estimator__loss:squared_epsilon_insensitive|onevsrestclassifier__estimator__base_estimator__max_iter:1000.0|onevsrestclassifier__estimator__base_estimator__multi_class:ovr|onevsrestclassifier__estimator__base_estimator__penalty:l2|onevsrestclassifier__estimator__base_estimator__random_state:12345|onevsrestclassifier__estimator__base_estimator__tol:0.0001|onevsrestclassifier__estimator__base_estimator__verbose:0|onevsrestclassifier__estimator__base_estimator:LinearSVC(C=10.0, class_weight='balanced', loss='squared_epsilon_insensitive',
          max_iter=1000.0, random_state=12345)|onevsrestclassifier__estimator__cv:5|onevsrestclassifier__estimator__ensemble:True|onevsrestclassifier__estimator__method:sigmoid|onevsrestclassifier__estimator__n_jobs:None|onevsrestclassifier__estimator:CalibratedClassifierCV(base_estimator=LinearSVC(C=10.0, class_weight='balanced',
                                                loss='squared_epsilon_insensitive',
                                                max_iter=1000.0,
                                                random_state=12345),
                       cv=5)|onevsrestclassifier__n_jobs:1",confidence,Mixed,Mixed,5,0.02536719654801851,0.01722540520729251,0.027560658998204788,0.024877337714795684,0.027632154660535667,0.04894421498644806,0.11124131228908675
18,0.6550797145680337,893,same,19,"memory:None|steps:[('standardscaler', StandardScaler()), ('onevsrestclassifier', OneVsRestClassifier(estimator=CalibratedClassifierCV(base_estimator=LinearSVC(class_weight='balanced',
                                                                              loss='squared_epsilon_insensitive',
                                                                              max_iter=1000.0,
                                                                              random_state=12345),
                                                     cv=5),
                    n_jobs=1))]|verbose:False|standardscaler:StandardScaler()|onevsrestclassifier:OneVsRestClassifier(estimator=CalibratedClassifierCV(base_estimator=LinearSVC(class_weight='balanced',
                                                                              loss='squared_epsilon_insensitive',
                                                                              max_iter=1000.0,
                                                                              random_state=12345),
                                                     cv=5),
                    n_jobs=1)|standardscaler__copy:True|standardscaler__with_mean:True|standardscaler__with_std:True|onevsrestclassifier__estimator__base_estimator__C:1.0|onevsrestclassifier__estimator__base_estimator__class_weight:balanced|onevsrestclassifier__estimator__base_estimator__dual:True|onevsrestclassifier__estimator__base_estimator__fit_intercept:True|onevsrestclassifier__estimator__base_estimator__intercept_scaling:1|onevsrestclassifier__estimator__base_estimator__loss:squared_epsilon_insensitive|onevsrestclassifier__estimator__base_estimator__max_iter:1000.0|onevsrestclassifier__estimator__base_estimator__multi_class:ovr|onevsrestclassifier__estimator__base_estimator__penalty:l2|onevsrestclassifier__estimator__base_estimator__random_state:12345|onevsrestclassifier__estimator__base_estimator__tol:0.0001|onevsrestclassifier__estimator__base_estimator__verbose:0|onevsrestclassifier__estimator__base_estimator:LinearSVC(class_weight='balanced', loss='squared_epsilon_insensitive',
          max_iter=1000.0, random_state=12345)|onevsrestclassifier__estimator__cv:5|onevsrestclassifier__estimator__ensemble:True|onevsrestclassifier__estimator__method:sigmoid|onevsrestclassifier__estimator__n_jobs:None|onevsrestclassifier__estimator:CalibratedClassifierCV(base_estimator=LinearSVC(class_weight='balanced',
                                                loss='squared_epsilon_insensitive',
                                                max_iter=1000.0,
                                                random_state=12345),
                       cv=5)|onevsrestclassifier__n_jobs:1",confidence,Mixed,Mixed,1,0.024838494568056882,0.018271964304272404,0.02481241229408893,0.028657271536398455,0.023788229344633132,0.04549416187617633,0.09505595051696802
18,0.6550797145680337,893,same,19,"memory:None|steps:[('standardscaler', StandardScaler()), ('onevsrestclassifier', OneVsRestClassifier(estimator=CalibratedClassifierCV(base_estimator=LinearSVC(class_weight='balanced',
                                                                              loss='squared_epsilon_insensitive',
                                                                              max_iter=1000.0,
                                                                              random_state=12345),
                                                     cv=5),
                    n_jobs=1))]|verbose:False|standardscaler:StandardScaler()|onevsrestclassifier:OneVsRestClassifier(estimator=CalibratedClassifierCV(base_estimator=LinearSVC(class_weight='balanced',
                                                                              loss='squared_epsilon_insensitive',
                                                                              max_iter=1000.0,
                                                                              random_state=12345),
                                                     cv=5),
                    n_jobs=1)|standardscaler__copy:True|standardscaler__with_mean:True|standardscaler__with_std:True|onevsrestclassifier__estimator__base_estimator__C:1.0|onevsrestclassifier__estimator__base_estimator__class_weight:balanced|onevsrestclassifier__estimator__base_estimator__dual:True|onevsrestclassifier__estimator__base_estimator__fit_intercept:True|onevsrestclassifier__estimator__base_estimator__intercept_scaling:1|onevsrestclassifier__estimator__base_estimator__loss:squared_epsilon_insensitive|onevsrestclassifier__estimator__base_estimator__max_iter:1000.0|onevsrestclassifier__estimator__base_estimator__multi_class:ovr|onevsrestclassifier__estimator__base_estimator__penalty:l2|onevsrestclassifier__estimator__base_estimator__random_state:12345|onevsrestclassifier__estimator__base_estimator__tol:0.0001|onevsrestclassifier__estimator__base_estimator__verbose:0|onevsrestclassifier__estimator__base_estimator:LinearSVC(class_weight='balanced', loss='squared_epsilon_insensitive',
          max_iter=1000.0, random_state=12345)|onevsrestclassifier__estimator__cv:5|onevsrestclassifier__estimator__ensemble:True|onevsrestclassifier__estimator__method:sigmoid|onevsrestclassifier__estimator__n_jobs:None|onevsrestclassifier__estimator:CalibratedClassifierCV(base_estimator=LinearSVC(class_weight='balanced',
                                                loss='squared_epsilon_insensitive',
                                                max_iter=1000.0,
                                                random_state=12345),
                       cv=5)|onevsrestclassifier__n_jobs:1",confidence,Mixed,Mixed,2,0.02684605252845036,0.01754882913214777,0.029485004976313213,0.03220598474804964,0.022770866046871688,0.04857901483199426,0.10068492162891138
18,0.6550797145680337,893,same,19,"memory:None|steps:[('standardscaler', StandardScaler()), ('onevsrestclassifier', OneVsRestClassifier(estimator=CalibratedClassifierCV(base_estimator=LinearSVC(class_weight='balanced',
                                                                              loss='squared_epsilon_insensitive',
                                                                              max_iter=1000.0,
                                                                              random_state=12345),
                                                     cv=5),
                    n_jobs=1))]|verbose:False|standardscaler:StandardScaler()|onevsrestclassifier:OneVsRestClassifier(estimator=CalibratedClassifierCV(base_estimator=LinearSVC(class_weight='balanced',
                                                                              loss='squared_epsilon_insensitive',
                                                                              max_iter=1000.0,
                                                                              random_state=12345),
                                                     cv=5),
                    n_jobs=1)|standardscaler__copy:True|standardscaler__with_mean:True|standardscaler__with_std:True|onevsrestclassifier__estimator__base_estimator__C:1.0|onevsrestclassifier__estimator__base_estimator__class_weight:balanced|onevsrestclassifier__estimator__base_estimator__dual:True|onevsrestclassifier__estimator__base_estimator__fit_intercept:True|onevsrestclassifier__estimator__base_estimator__intercept_scaling:1|onevsrestclassifier__estimator__base_estimator__loss:squared_epsilon_insensitive|onevsrestclassifier__estimator__base_estimator__max_iter:1000.0|onevsrestclassifier__estimator__base_estimator__multi_class:ovr|onevsrestclassifier__estimator__base_estimator__penalty:l2|onevsrestclassifier__estimator__base_estimator__random_state:12345|onevsrestclassifier__estimator__base_estimator__tol:0.0001|onevsrestclassifier__estimator__base_estimator__verbose:0|onevsrestclassifier__estimator__base_estimator:LinearSVC(class_weight='balanced', loss='squared_epsilon_insensitive',
          max_iter=1000.0, random_state=12345)|onevsrestclassifier__estimator__cv:5|onevsrestclassifier__estimator__ensemble:True|onevsrestclassifier__estimator__method:sigmoid|onevsrestclassifier__estimator__n_jobs:None|onevsrestclassifier__estimator:CalibratedClassifierCV(base_estimator=LinearSVC(class_weight='balanced',
                                                loss='squared_epsilon_insensitive',
                                                max_iter=1000.0,
                                                random_state=12345),
                       cv=5)|onevsrestclassifier__n_jobs:1",confidence,Mixed,Mixed,3,0.025726179826350424,0.017450547244048622,0.025785114216853075,0.02618119905521804,0.0208286122730282,0.04517838583574743,0.0969734168497524
18,0.6550797145680337,893,same,19,"memory:None|steps:[('standardscaler', StandardScaler()), ('onevsrestclassifier', OneVsRestClassifier(estimator=CalibratedClassifierCV(base_estimator=LinearSVC(class_weight='balanced',
                                                                              loss='squared_epsilon_insensitive',
                                                                              max_iter=1000.0,
                                                                              random_state=12345),
                                                     cv=5),
                    n_jobs=1))]|verbose:False|standardscaler:StandardScaler()|onevsrestclassifier:OneVsRestClassifier(estimator=CalibratedClassifierCV(base_estimator=LinearSVC(class_weight='balanced',
                                                                              loss='squared_epsilon_insensitive',
                                                                              max_iter=1000.0,
                                                                              random_state=12345),
                                                     cv=5),
                    n_jobs=1)|standardscaler__copy:True|standardscaler__with_mean:True|standardscaler__with_std:True|onevsrestclassifier__estimator__base_estimator__C:1.0|onevsrestclassifier__estimator__base_estimator__class_weight:balanced|onevsrestclassifier__estimator__base_estimator__dual:True|onevsrestclassifier__estimator__base_estimator__fit_intercept:True|onevsrestclassifier__estimator__base_estimator__intercept_scaling:1|onevsrestclassifier__estimator__base_estimator__loss:squared_epsilon_insensitive|onevsrestclassifier__estimator__base_estimator__max_iter:1000.0|onevsrestclassifier__estimator__base_estimator__multi_class:ovr|onevsrestclassifier__estimator__base_estimator__penalty:l2|onevsrestclassifier__estimator__base_estimator__random_state:12345|onevsrestclassifier__estimator__base_estimator__tol:0.0001|onevsrestclassifier__estimator__base_estimator__verbose:0|onevsrestclassifier__estimator__base_estimator:LinearSVC(class_weight='balanced', loss='squared_epsilon_insensitive',
          max_iter=1000.0, random_state=12345)|onevsrestclassifier__estimator__cv:5|onevsrestclassifier__estimator__ensemble:True|onevsrestclassifier__estimator__method:sigmoid|onevsrestclassifier__estimator__n_jobs:None|onevsrestclassifier__estimator:CalibratedClassifierCV(base_estimator=LinearSVC(class_weight='balanced',
                                                loss='squared_epsilon_insensitive',
                                                max_iter=1000.0,
                                                random_state=12345),
                       cv=5)|onevsrestclassifier__n_jobs:1",confidence,Mixed,Mixed,4,0.022617639941453008,0.018929927451140492,0.02076317352954415,0.02526030368232968,0.02512086052355996,0.0460256455557055,0.10202528561461907
18,0.6550797145680337,893,same,19,"memory:None|steps:[('standardscaler', StandardScaler()), ('onevsrestclassifier', OneVsRestClassifier(estimator=CalibratedClassifierCV(base_estimator=LinearSVC(class_weight='balanced',
                                                                              loss='squared_epsilon_insensitive',
                                                                              max_iter=1000.0,
                                                                              random_state=12345),
                                                     cv=5),
                    n_jobs=1))]|verbose:False|standardscaler:StandardScaler()|onevsrestclassifier:OneVsRestClassifier(estimator=CalibratedClassifierCV(base_estimator=LinearSVC(class_weight='balanced',
                                                                              loss='squared_epsilon_insensitive',
                                                                              max_iter=1000.0,
                                                                              random_state=12345),
                                                     cv=5),
                    n_jobs=1)|standardscaler__copy:True|standardscaler__with_mean:True|standardscaler__with_std:True|onevsrestclassifier__estimator__base_estimator__C:1.0|onevsrestclassifier__estimator__base_estimator__class_weight:balanced|onevsrestclassifier__estimator__base_estimator__dual:True|onevsrestclassifier__estimator__base_estimator__fit_intercept:True|onevsrestclassifier__estimator__base_estimator__intercept_scaling:1|onevsrestclassifier__estimator__base_estimator__loss:squared_epsilon_insensitive|onevsrestclassifier__estimator__base_estimator__max_iter:1000.0|onevsrestclassifier__estimator__base_estimator__multi_class:ovr|onevsrestclassifier__estimator__base_estimator__penalty:l2|onevsrestclassifier__estimator__base_estimator__random_state:12345|onevsrestclassifier__estimator__base_estimator__tol:0.0001|onevsrestclassifier__estimator__base_estimator__verbose:0|onevsrestclassifier__estimator__base_estimator:LinearSVC(class_weight='balanced', loss='squared_epsilon_insensitive',
          max_iter=1000.0, random_state=12345)|onevsrestclassifier__estimator__cv:5|onevsrestclassifier__estimator__ensemble:True|onevsrestclassifier__estimator__method:sigmoid|onevsrestclassifier__estimator__n_jobs:None|onevsrestclassifier__estimator:CalibratedClassifierCV(base_estimator=LinearSVC(class_weight='balanced',
                                                loss='squared_epsilon_insensitive',
                                                max_iter=1000.0,
                                                random_state=12345),
                       cv=5)|onevsrestclassifier__n_jobs:1",confidence,Mixed,Mixed,5,0.025158251547886132,0.016793980050841494,0.027915655452337942,0.025030903991299994,0.0278868488907619,0.04913272074295751,0.11072856899065676
19,0.6020437414526594,893,same,20,"memory:None|steps:[('standardscaler', StandardScaler()), ('onevsrestclassifier', OneVsRestClassifier(estimator=CalibratedClassifierCV(base_estimator=LinearSVC(class_weight='balanced',
                                                                              loss='squared_epsilon_insensitive',
                                                                              max_iter=1000.0,
                                                                              random_state=12345),
                                                     cv=5),
                    n_jobs=1))]|verbose:False|standardscaler:StandardScaler()|onevsrestclassifier:OneVsRestClassifier(estimator=CalibratedClassifierCV(base_estimator=LinearSVC(class_weight='balanced',
                                                                              loss='squared_epsilon_insensitive',
                                                                              max_iter=1000.0,
                                                                              random_state=12345),
                                                     cv=5),
                    n_jobs=1)|standardscaler__copy:True|standardscaler__with_mean:True|standardscaler__with_std:True|onevsrestclassifier__estimator__base_estimator__C:1.0|onevsrestclassifier__estimator__base_estimator__class_weight:balanced|onevsrestclassifier__estimator__base_estimator__dual:True|onevsrestclassifier__estimator__base_estimator__fit_intercept:True|onevsrestclassifier__estimator__base_estimator__intercept_scaling:1|onevsrestclassifier__estimator__base_estimator__loss:squared_epsilon_insensitive|onevsrestclassifier__estimator__base_estimator__max_iter:1000.0|onevsrestclassifier__estimator__base_estimator__multi_class:ovr|onevsrestclassifier__estimator__base_estimator__penalty:l2|onevsrestclassifier__estimator__base_estimator__random_state:12345|onevsrestclassifier__estimator__base_estimator__tol:0.0001|onevsrestclassifier__estimator__base_estimator__verbose:0|onevsrestclassifier__estimator__base_estimator:LinearSVC(class_weight='balanced', loss='squared_epsilon_insensitive',
          max_iter=1000.0, random_state=12345)|onevsrestclassifier__estimator__cv:5|onevsrestclassifier__estimator__ensemble:True|onevsrestclassifier__estimator__method:sigmoid|onevsrestclassifier__estimator__n_jobs:None|onevsrestclassifier__estimator:CalibratedClassifierCV(base_estimator=LinearSVC(class_weight='balanced',
                                                loss='squared_epsilon_insensitive',
                                                max_iter=1000.0,
                                                random_state=12345),
                       cv=5)|onevsrestclassifier__n_jobs:1",confidence,Mixed,Mixed,1,0.026827252472918228,0.017915961915913044,0.02597016436797683,0.03016593473637739,0.026534841630536182,0.04970286236875633,0.09596096424783107
19,0.6020437414526594,893,same,20,"memory:None|steps:[('standardscaler', StandardScaler()), ('onevsrestclassifier', OneVsRestClassifier(estimator=CalibratedClassifierCV(base_estimator=LinearSVC(class_weight='balanced',
                                                                              loss='squared_epsilon_insensitive',
                                                                              max_iter=1000.0,
                                                                              random_state=12345),
                                                     cv=5),
                    n_jobs=1))]|verbose:False|standardscaler:StandardScaler()|onevsrestclassifier:OneVsRestClassifier(estimator=CalibratedClassifierCV(base_estimator=LinearSVC(class_weight='balanced',
                                                                              loss='squared_epsilon_insensitive',
                                                                              max_iter=1000.0,
                                                                              random_state=12345),
                                                     cv=5),
                    n_jobs=1)|standardscaler__copy:True|standardscaler__with_mean:True|standardscaler__with_std:True|onevsrestclassifier__estimator__base_estimator__C:1.0|onevsrestclassifier__estimator__base_estimator__class_weight:balanced|onevsrestclassifier__estimator__base_estimator__dual:True|onevsrestclassifier__estimator__base_estimator__fit_intercept:True|onevsrestclassifier__estimator__base_estimator__intercept_scaling:1|onevsrestclassifier__estimator__base_estimator__loss:squared_epsilon_insensitive|onevsrestclassifier__estimator__base_estimator__max_iter:1000.0|onevsrestclassifier__estimator__base_estimator__multi_class:ovr|onevsrestclassifier__estimator__base_estimator__penalty:l2|onevsrestclassifier__estimator__base_estimator__random_state:12345|onevsrestclassifier__estimator__base_estimator__tol:0.0001|onevsrestclassifier__estimator__base_estimator__verbose:0|onevsrestclassifier__estimator__base_estimator:LinearSVC(class_weight='balanced', loss='squared_epsilon_insensitive',
          max_iter=1000.0, random_state=12345)|onevsrestclassifier__estimator__cv:5|onevsrestclassifier__estimator__ensemble:True|onevsrestclassifier__estimator__method:sigmoid|onevsrestclassifier__estimator__n_jobs:None|onevsrestclassifier__estimator:CalibratedClassifierCV(base_estimator=LinearSVC(class_weight='balanced',
                                                loss='squared_epsilon_insensitive',
                                                max_iter=1000.0,
                                                random_state=12345),
                       cv=5)|onevsrestclassifier__n_jobs:1",confidence,Mixed,Mixed,2,0.02785398003120642,0.016744035971749015,0.02950112598143365,0.03212472218312556,0.026195041890818248,0.05257892672537129,0.09999955617573882
19,0.6020437414526594,893,same,20,"memory:None|steps:[('standardscaler', StandardScaler()), ('onevsrestclassifier', OneVsRestClassifier(estimator=CalibratedClassifierCV(base_estimator=LinearSVC(class_weight='balanced',
                                                                              loss='squared_epsilon_insensitive',
                                                                              max_iter=1000.0,
                                                                              random_state=12345),
                                                     cv=5),
                    n_jobs=1))]|verbose:False|standardscaler:StandardScaler()|onevsrestclassifier:OneVsRestClassifier(estimator=CalibratedClassifierCV(base_estimator=LinearSVC(class_weight='balanced',
                                                                              loss='squared_epsilon_insensitive',
                                                                              max_iter=1000.0,
                                                                              random_state=12345),
                                                     cv=5),
                    n_jobs=1)|standardscaler__copy:True|standardscaler__with_mean:True|standardscaler__with_std:True|onevsrestclassifier__estimator__base_estimator__C:1.0|onevsrestclassifier__estimator__base_estimator__class_weight:balanced|onevsrestclassifier__estimator__base_estimator__dual:True|onevsrestclassifier__estimator__base_estimator__fit_intercept:True|onevsrestclassifier__estimator__base_estimator__intercept_scaling:1|onevsrestclassifier__estimator__base_estimator__loss:squared_epsilon_insensitive|onevsrestclassifier__estimator__base_estimator__max_iter:1000.0|onevsrestclassifier__estimator__base_estimator__multi_class:ovr|onevsrestclassifier__estimator__base_estimator__penalty:l2|onevsrestclassifier__estimator__base_estimator__random_state:12345|onevsrestclassifier__estimator__base_estimator__tol:0.0001|onevsrestclassifier__estimator__base_estimator__verbose:0|onevsrestclassifier__estimator__base_estimator:LinearSVC(class_weight='balanced', loss='squared_epsilon_insensitive',
          max_iter=1000.0, random_state=12345)|onevsrestclassifier__estimator__cv:5|onevsrestclassifier__estimator__ensemble:True|onevsrestclassifier__estimator__method:sigmoid|onevsrestclassifier__estimator__n_jobs:None|onevsrestclassifier__estimator:CalibratedClassifierCV(base_estimator=LinearSVC(class_weight='balanced',
                                                loss='squared_epsilon_insensitive',
                                                max_iter=1000.0,
                                                random_state=12345),
                       cv=5)|onevsrestclassifier__n_jobs:1",confidence,Mixed,Mixed,3,0.028591837825994556,0.019727040248339055,0.027320740494859275,0.02781341220716425,0.02439227109207442,0.04926686537635414,0.09700458926792407
19,0.6020437414526594,893,same,20,"memory:None|steps:[('standardscaler', StandardScaler()), ('onevsrestclassifier', OneVsRestClassifier(estimator=CalibratedClassifierCV(base_estimator=LinearSVC(class_weight='balanced',
                                                                              loss='squared_epsilon_insensitive',
                                                                              max_iter=1000.0,
                                                                              random_state=12345),
                                                     cv=5),
                    n_jobs=1))]|verbose:False|standardscaler:StandardScaler()|onevsrestclassifier:OneVsRestClassifier(estimator=CalibratedClassifierCV(base_estimator=LinearSVC(class_weight='balanced',
                                                                              loss='squared_epsilon_insensitive',
                                                                              max_iter=1000.0,
                                                                              random_state=12345),
                                                     cv=5),
                    n_jobs=1)|standardscaler__copy:True|standardscaler__with_mean:True|standardscaler__with_std:True|onevsrestclassifier__estimator__base_estimator__C:1.0|onevsrestclassifier__estimator__base_estimator__class_weight:balanced|onevsrestclassifier__estimator__base_estimator__dual:True|onevsrestclassifier__estimator__base_estimator__fit_intercept:True|onevsrestclassifier__estimator__base_estimator__intercept_scaling:1|onevsrestclassifier__estimator__base_estimator__loss:squared_epsilon_insensitive|onevsrestclassifier__estimator__base_estimator__max_iter:1000.0|onevsrestclassifier__estimator__base_estimator__multi_class:ovr|onevsrestclassifier__estimator__base_estimator__penalty:l2|onevsrestclassifier__estimator__base_estimator__random_state:12345|onevsrestclassifier__estimator__base_estimator__tol:0.0001|onevsrestclassifier__estimator__base_estimator__verbose:0|onevsrestclassifier__estimator__base_estimator:LinearSVC(class_weight='balanced', loss='squared_epsilon_insensitive',
          max_iter=1000.0, random_state=12345)|onevsrestclassifier__estimator__cv:5|onevsrestclassifier__estimator__ensemble:True|onevsrestclassifier__estimator__method:sigmoid|onevsrestclassifier__estimator__n_jobs:None|onevsrestclassifier__estimator:CalibratedClassifierCV(base_estimator=LinearSVC(class_weight='balanced',
                                                loss='squared_epsilon_insensitive',
                                                max_iter=1000.0,
                                                random_state=12345),
                       cv=5)|onevsrestclassifier__n_jobs:1",confidence,Mixed,Mixed,4,0.023372402761491225,0.01666979381653397,0.020845572764494738,0.024981771627450387,0.028479606353201525,0.05103594071961847,0.10234649108256759
19,0.6020437414526594,893,same,20,"memory:None|steps:[('standardscaler', StandardScaler()), ('onevsrestclassifier', OneVsRestClassifier(estimator=CalibratedClassifierCV(base_estimator=LinearSVC(class_weight='balanced',
                                                                              loss='squared_epsilon_insensitive',
                                                                              max_iter=1000.0,
                                                                              random_state=12345),
                                                     cv=5),
                    n_jobs=1))]|verbose:False|standardscaler:StandardScaler()|onevsrestclassifier:OneVsRestClassifier(estimator=CalibratedClassifierCV(base_estimator=LinearSVC(class_weight='balanced',
                                                                              loss='squared_epsilon_insensitive',
                                                                              max_iter=1000.0,
                                                                              random_state=12345),
                                                     cv=5),
                    n_jobs=1)|standardscaler__copy:True|standardscaler__with_mean:True|standardscaler__with_std:True|onevsrestclassifier__estimator__base_estimator__C:1.0|onevsrestclassifier__estimator__base_estimator__class_weight:balanced|onevsrestclassifier__estimator__base_estimator__dual:True|onevsrestclassifier__estimator__base_estimator__fit_intercept:True|onevsrestclassifier__estimator__base_estimator__intercept_scaling:1|onevsrestclassifier__estimator__base_estimator__loss:squared_epsilon_insensitive|onevsrestclassifier__estimator__base_estimator__max_iter:1000.0|onevsrestclassifier__estimator__base_estimator__multi_class:ovr|onevsrestclassifier__estimator__base_estimator__penalty:l2|onevsrestclassifier__estimator__base_estimator__random_state:12345|onevsrestclassifier__estimator__base_estimator__tol:0.0001|onevsrestclassifier__estimator__base_estimator__verbose:0|onevsrestclassifier__estimator__base_estimator:LinearSVC(class_weight='balanced', loss='squared_epsilon_insensitive',
          max_iter=1000.0, random_state=12345)|onevsrestclassifier__estimator__cv:5|onevsrestclassifier__estimator__ensemble:True|onevsrestclassifier__estimator__method:sigmoid|onevsrestclassifier__estimator__n_jobs:None|onevsrestclassifier__estimator:CalibratedClassifierCV(base_estimator=LinearSVC(class_weight='balanced',
                                                loss='squared_epsilon_insensitive',
                                                max_iter=1000.0,
                                                random_state=12345),
                       cv=5)|onevsrestclassifier__n_jobs:1",confidence,Mixed,Mixed,5,0.024364737431858307,0.0170199627182604,0.027250673982728676,0.02452689160531395,0.026947871835383205,0.04729747244440077,0.11020689567978952
