fold,score,n_sample,source,sub_name,best_params,feature_type,source_data,target_data,special,features T-21,features T-20,features T-19,features T-18,features T-17,features T-16,features T-15,features T-14,features T-13,features T-12,features T-11,features T-10,features T-9,features T-8,features T-7,features T-6,features T-5,features T-4,features T-3,features T-2,features T-1
0,0.6007154035386565,495,same,1,"memory:None|steps:[('standardscaler', StandardScaler()), ('onevsrestclassifier', OneVsRestClassifier(estimator=CalibratedClassifierCV(base_estimator=LinearSVC(class_weight='balanced',
                                                                              loss='squared_epsilon_insensitive',
                                                                              max_iter=1000.0,
                                                                              random_state=12345),
                                                     cv=5),
                    n_jobs=1))]|verbose:False|standardscaler:StandardScaler()|onevsrestclassifier:OneVsRestClassifier(estimator=CalibratedClassifierCV(base_estimator=LinearSVC(class_weight='balanced',
                                                                              loss='squared_epsilon_insensitive',
                                                                              max_iter=1000.0,
                                                                              random_state=12345),
                                                     cv=5),
                    n_jobs=1)|standardscaler__copy:True|standardscaler__with_mean:True|standardscaler__with_std:True|onevsrestclassifier__estimator__base_estimator__C:1.0|onevsrestclassifier__estimator__base_estimator__class_weight:balanced|onevsrestclassifier__estimator__base_estimator__dual:True|onevsrestclassifier__estimator__base_estimator__fit_intercept:True|onevsrestclassifier__estimator__base_estimator__intercept_scaling:1|onevsrestclassifier__estimator__base_estimator__loss:squared_epsilon_insensitive|onevsrestclassifier__estimator__base_estimator__max_iter:1000.0|onevsrestclassifier__estimator__base_estimator__multi_class:ovr|onevsrestclassifier__estimator__base_estimator__penalty:l2|onevsrestclassifier__estimator__base_estimator__random_state:12345|onevsrestclassifier__estimator__base_estimator__tol:0.0001|onevsrestclassifier__estimator__base_estimator__verbose:0|onevsrestclassifier__estimator__base_estimator:LinearSVC(class_weight='balanced', loss='squared_epsilon_insensitive',
          max_iter=1000.0, random_state=12345)|onevsrestclassifier__estimator__cv:5|onevsrestclassifier__estimator__ensemble:True|onevsrestclassifier__estimator__method:sigmoid|onevsrestclassifier__estimator__n_jobs:None|onevsrestclassifier__estimator:CalibratedClassifierCV(base_estimator=LinearSVC(class_weight='balanced',
                                                loss='squared_epsilon_insensitive',
                                                max_iter=1000.0,
                                                random_state=12345),
                       cv=5)|onevsrestclassifier__n_jobs:1",all,Perception,Perception,1,0.010387401208358201,0.027047913417325008,0.016959389179294515,0.02210567608346667,0.02174282547170126,0.0372934821028281,0.09654163422547732,-0.0007494867094271615,-0.0022687532462269317,-0.0007401446500538573,-0.0029224287719749192,-0.002945093895846984,-0.007587261881830534,-0.005715579636216677,-0.004194770107042719,0.0012281178705225624,-0.0027309754734703238,-0.005361174457205658,-0.005328778389991949,0.0033148629642628835,0.00083534280896111
0,0.6007154035386565,495,same,1,"memory:None|steps:[('standardscaler', StandardScaler()), ('onevsrestclassifier', OneVsRestClassifier(estimator=CalibratedClassifierCV(base_estimator=LinearSVC(class_weight='balanced',
                                                                              loss='squared_epsilon_insensitive',
                                                                              max_iter=1000.0,
                                                                              random_state=12345),
                                                     cv=5),
                    n_jobs=1))]|verbose:False|standardscaler:StandardScaler()|onevsrestclassifier:OneVsRestClassifier(estimator=CalibratedClassifierCV(base_estimator=LinearSVC(class_weight='balanced',
                                                                              loss='squared_epsilon_insensitive',
                                                                              max_iter=1000.0,
                                                                              random_state=12345),
                                                     cv=5),
                    n_jobs=1)|standardscaler__copy:True|standardscaler__with_mean:True|standardscaler__with_std:True|onevsrestclassifier__estimator__base_estimator__C:1.0|onevsrestclassifier__estimator__base_estimator__class_weight:balanced|onevsrestclassifier__estimator__base_estimator__dual:True|onevsrestclassifier__estimator__base_estimator__fit_intercept:True|onevsrestclassifier__estimator__base_estimator__intercept_scaling:1|onevsrestclassifier__estimator__base_estimator__loss:squared_epsilon_insensitive|onevsrestclassifier__estimator__base_estimator__max_iter:1000.0|onevsrestclassifier__estimator__base_estimator__multi_class:ovr|onevsrestclassifier__estimator__base_estimator__penalty:l2|onevsrestclassifier__estimator__base_estimator__random_state:12345|onevsrestclassifier__estimator__base_estimator__tol:0.0001|onevsrestclassifier__estimator__base_estimator__verbose:0|onevsrestclassifier__estimator__base_estimator:LinearSVC(class_weight='balanced', loss='squared_epsilon_insensitive',
          max_iter=1000.0, random_state=12345)|onevsrestclassifier__estimator__cv:5|onevsrestclassifier__estimator__ensemble:True|onevsrestclassifier__estimator__method:sigmoid|onevsrestclassifier__estimator__n_jobs:None|onevsrestclassifier__estimator:CalibratedClassifierCV(base_estimator=LinearSVC(class_weight='balanced',
                                                loss='squared_epsilon_insensitive',
                                                max_iter=1000.0,
                                                random_state=12345),
                       cv=5)|onevsrestclassifier__n_jobs:1",all,Perception,Perception,2,0.006890464107766034,0.023140344594514587,0.017803524422935212,0.023579387961104453,0.020447834826361318,0.043036577296150624,0.09550482906342563,-0.0048531258464482915,-0.0041518574116392,-0.006781411468032976,-0.005785655219928132,-0.0074943160425166465,-0.0122284439482854,-0.008988510757466485,-0.005477880806043735,-0.002390538392440847,-0.0066041469474799235,-0.011013524050170637,-0.0060288013694653276,0.010513844844314175,0.0032541776156820223
0,0.6007154035386565,495,same,1,"memory:None|steps:[('standardscaler', StandardScaler()), ('onevsrestclassifier', OneVsRestClassifier(estimator=CalibratedClassifierCV(base_estimator=LinearSVC(class_weight='balanced',
                                                                              loss='squared_epsilon_insensitive',
                                                                              max_iter=1000.0,
                                                                              random_state=12345),
                                                     cv=5),
                    n_jobs=1))]|verbose:False|standardscaler:StandardScaler()|onevsrestclassifier:OneVsRestClassifier(estimator=CalibratedClassifierCV(base_estimator=LinearSVC(class_weight='balanced',
                                                                              loss='squared_epsilon_insensitive',
                                                                              max_iter=1000.0,
                                                                              random_state=12345),
                                                     cv=5),
                    n_jobs=1)|standardscaler__copy:True|standardscaler__with_mean:True|standardscaler__with_std:True|onevsrestclassifier__estimator__base_estimator__C:1.0|onevsrestclassifier__estimator__base_estimator__class_weight:balanced|onevsrestclassifier__estimator__base_estimator__dual:True|onevsrestclassifier__estimator__base_estimator__fit_intercept:True|onevsrestclassifier__estimator__base_estimator__intercept_scaling:1|onevsrestclassifier__estimator__base_estimator__loss:squared_epsilon_insensitive|onevsrestclassifier__estimator__base_estimator__max_iter:1000.0|onevsrestclassifier__estimator__base_estimator__multi_class:ovr|onevsrestclassifier__estimator__base_estimator__penalty:l2|onevsrestclassifier__estimator__base_estimator__random_state:12345|onevsrestclassifier__estimator__base_estimator__tol:0.0001|onevsrestclassifier__estimator__base_estimator__verbose:0|onevsrestclassifier__estimator__base_estimator:LinearSVC(class_weight='balanced', loss='squared_epsilon_insensitive',
          max_iter=1000.0, random_state=12345)|onevsrestclassifier__estimator__cv:5|onevsrestclassifier__estimator__ensemble:True|onevsrestclassifier__estimator__method:sigmoid|onevsrestclassifier__estimator__n_jobs:None|onevsrestclassifier__estimator:CalibratedClassifierCV(base_estimator=LinearSVC(class_weight='balanced',
                                                loss='squared_epsilon_insensitive',
                                                max_iter=1000.0,
                                                random_state=12345),
                       cv=5)|onevsrestclassifier__n_jobs:1",all,Perception,Perception,3,0.010083724697675022,0.021958388098780948,0.013902497813772825,0.01738353349056888,0.021667906421115424,0.04072369645256661,0.10192465780286857,0.0003318670835876414,0.004443118781500287,0.0060816780882384635,0.003935335418149211,-0.0009002414476620768,0.0011377047149324269,-0.0004918834671124801,0.003151733246291538,0.004234892549261293,0.005402731816918845,-0.003783623020013728,0.0019592547990202156,0.011929307345728129,0.012266030524578041
0,0.6007154035386565,495,same,1,"memory:None|steps:[('standardscaler', StandardScaler()), ('onevsrestclassifier', OneVsRestClassifier(estimator=CalibratedClassifierCV(base_estimator=LinearSVC(class_weight='balanced',
                                                                              loss='squared_epsilon_insensitive',
                                                                              max_iter=1000.0,
                                                                              random_state=12345),
                                                     cv=5),
                    n_jobs=1))]|verbose:False|standardscaler:StandardScaler()|onevsrestclassifier:OneVsRestClassifier(estimator=CalibratedClassifierCV(base_estimator=LinearSVC(class_weight='balanced',
                                                                              loss='squared_epsilon_insensitive',
                                                                              max_iter=1000.0,
                                                                              random_state=12345),
                                                     cv=5),
                    n_jobs=1)|standardscaler__copy:True|standardscaler__with_mean:True|standardscaler__with_std:True|onevsrestclassifier__estimator__base_estimator__C:1.0|onevsrestclassifier__estimator__base_estimator__class_weight:balanced|onevsrestclassifier__estimator__base_estimator__dual:True|onevsrestclassifier__estimator__base_estimator__fit_intercept:True|onevsrestclassifier__estimator__base_estimator__intercept_scaling:1|onevsrestclassifier__estimator__base_estimator__loss:squared_epsilon_insensitive|onevsrestclassifier__estimator__base_estimator__max_iter:1000.0|onevsrestclassifier__estimator__base_estimator__multi_class:ovr|onevsrestclassifier__estimator__base_estimator__penalty:l2|onevsrestclassifier__estimator__base_estimator__random_state:12345|onevsrestclassifier__estimator__base_estimator__tol:0.0001|onevsrestclassifier__estimator__base_estimator__verbose:0|onevsrestclassifier__estimator__base_estimator:LinearSVC(class_weight='balanced', loss='squared_epsilon_insensitive',
          max_iter=1000.0, random_state=12345)|onevsrestclassifier__estimator__cv:5|onevsrestclassifier__estimator__ensemble:True|onevsrestclassifier__estimator__method:sigmoid|onevsrestclassifier__estimator__n_jobs:None|onevsrestclassifier__estimator:CalibratedClassifierCV(base_estimator=LinearSVC(class_weight='balanced',
                                                loss='squared_epsilon_insensitive',
                                                max_iter=1000.0,
                                                random_state=12345),
                       cv=5)|onevsrestclassifier__n_jobs:1",all,Perception,Perception,4,0.00926832818691008,0.02284480558962041,0.0133408354166933,0.013982352713647306,0.02109945075250312,0.039552552474743236,0.09741227129257811,-0.0010600244232169004,0.0001778422038175952,-0.0035146103298565375,-0.004859674126397089,-0.006538583378715634,-0.005668541356315047,-0.006662666552145557,-0.005011523067404054,0.0010458480774296211,-0.0028073717268797802,-0.012509233093340117,-0.002247923212338409,0.004090197750888724,0.0006436381516106211
0,0.6007154035386565,495,same,1,"memory:None|steps:[('standardscaler', StandardScaler()), ('onevsrestclassifier', OneVsRestClassifier(estimator=CalibratedClassifierCV(base_estimator=LinearSVC(class_weight='balanced',
                                                                              loss='squared_epsilon_insensitive',
                                                                              max_iter=1000.0,
                                                                              random_state=12345),
                                                     cv=5),
                    n_jobs=1))]|verbose:False|standardscaler:StandardScaler()|onevsrestclassifier:OneVsRestClassifier(estimator=CalibratedClassifierCV(base_estimator=LinearSVC(class_weight='balanced',
                                                                              loss='squared_epsilon_insensitive',
                                                                              max_iter=1000.0,
                                                                              random_state=12345),
                                                     cv=5),
                    n_jobs=1)|standardscaler__copy:True|standardscaler__with_mean:True|standardscaler__with_std:True|onevsrestclassifier__estimator__base_estimator__C:1.0|onevsrestclassifier__estimator__base_estimator__class_weight:balanced|onevsrestclassifier__estimator__base_estimator__dual:True|onevsrestclassifier__estimator__base_estimator__fit_intercept:True|onevsrestclassifier__estimator__base_estimator__intercept_scaling:1|onevsrestclassifier__estimator__base_estimator__loss:squared_epsilon_insensitive|onevsrestclassifier__estimator__base_estimator__max_iter:1000.0|onevsrestclassifier__estimator__base_estimator__multi_class:ovr|onevsrestclassifier__estimator__base_estimator__penalty:l2|onevsrestclassifier__estimator__base_estimator__random_state:12345|onevsrestclassifier__estimator__base_estimator__tol:0.0001|onevsrestclassifier__estimator__base_estimator__verbose:0|onevsrestclassifier__estimator__base_estimator:LinearSVC(class_weight='balanced', loss='squared_epsilon_insensitive',
          max_iter=1000.0, random_state=12345)|onevsrestclassifier__estimator__cv:5|onevsrestclassifier__estimator__ensemble:True|onevsrestclassifier__estimator__method:sigmoid|onevsrestclassifier__estimator__n_jobs:None|onevsrestclassifier__estimator:CalibratedClassifierCV(base_estimator=LinearSVC(class_weight='balanced',
                                                loss='squared_epsilon_insensitive',
                                                max_iter=1000.0,
                                                random_state=12345),
                       cv=5)|onevsrestclassifier__n_jobs:1",all,Perception,Perception,5,0.009003263101783331,0.024295658993114047,0.01733424439263349,0.01961612654953266,0.026089424954753387,0.03991077283305868,0.09872947022306644,-0.0004228840352121043,-0.0027982416569896683,-5.1377380652728e-05,-0.001165002864159945,-0.0047365981764170995,-0.005614072634494423,-0.006330850464421654,-0.007566125208952152,-0.0014082365656466335,0.002532168206528223,-0.013355483491707216,-0.0025212023953958304,0.008854656800330327,0.0049951374611405365
1,0.5954523822469134,545,same,2,"memory:None|steps:[('standardscaler', StandardScaler()), ('onevsrestclassifier', OneVsRestClassifier(estimator=CalibratedClassifierCV(base_estimator=LinearSVC(class_weight='balanced',
                                                                              loss='squared_epsilon_insensitive',
                                                                              max_iter=1000.0,
                                                                              random_state=12345),
                                                     cv=5),
                    n_jobs=1))]|verbose:False|standardscaler:StandardScaler()|onevsrestclassifier:OneVsRestClassifier(estimator=CalibratedClassifierCV(base_estimator=LinearSVC(class_weight='balanced',
                                                                              loss='squared_epsilon_insensitive',
                                                                              max_iter=1000.0,
                                                                              random_state=12345),
                                                     cv=5),
                    n_jobs=1)|standardscaler__copy:True|standardscaler__with_mean:True|standardscaler__with_std:True|onevsrestclassifier__estimator__base_estimator__C:1.0|onevsrestclassifier__estimator__base_estimator__class_weight:balanced|onevsrestclassifier__estimator__base_estimator__dual:True|onevsrestclassifier__estimator__base_estimator__fit_intercept:True|onevsrestclassifier__estimator__base_estimator__intercept_scaling:1|onevsrestclassifier__estimator__base_estimator__loss:squared_epsilon_insensitive|onevsrestclassifier__estimator__base_estimator__max_iter:1000.0|onevsrestclassifier__estimator__base_estimator__multi_class:ovr|onevsrestclassifier__estimator__base_estimator__penalty:l2|onevsrestclassifier__estimator__base_estimator__random_state:12345|onevsrestclassifier__estimator__base_estimator__tol:0.0001|onevsrestclassifier__estimator__base_estimator__verbose:0|onevsrestclassifier__estimator__base_estimator:LinearSVC(class_weight='balanced', loss='squared_epsilon_insensitive',
          max_iter=1000.0, random_state=12345)|onevsrestclassifier__estimator__cv:5|onevsrestclassifier__estimator__ensemble:True|onevsrestclassifier__estimator__method:sigmoid|onevsrestclassifier__estimator__n_jobs:None|onevsrestclassifier__estimator:CalibratedClassifierCV(base_estimator=LinearSVC(class_weight='balanced',
                                                loss='squared_epsilon_insensitive',
                                                max_iter=1000.0,
                                                random_state=12345),
                       cv=5)|onevsrestclassifier__n_jobs:1",all,Perception,Perception,1,0.012197426457344476,0.029027244457599632,0.01853474379309287,0.022851884917189213,0.021479094588947138,0.03767521436863465,0.09336948243438015,-0.0025724312380676555,-0.0035799210707888906,-0.0026918968987110323,-0.0034244739275412005,-0.0030757776853145035,-0.007372418741635005,-0.0057592844408598425,-0.0033077806964763885,0.0013638652977273323,-0.002773212085122143,-0.006639817318855382,-0.006735204300642207,0.003307248268714458,-0.0002845631405749932
1,0.5954523822469134,545,same,2,"memory:None|steps:[('standardscaler', StandardScaler()), ('onevsrestclassifier', OneVsRestClassifier(estimator=CalibratedClassifierCV(base_estimator=LinearSVC(class_weight='balanced',
                                                                              loss='squared_epsilon_insensitive',
                                                                              max_iter=1000.0,
                                                                              random_state=12345),
                                                     cv=5),
                    n_jobs=1))]|verbose:False|standardscaler:StandardScaler()|onevsrestclassifier:OneVsRestClassifier(estimator=CalibratedClassifierCV(base_estimator=LinearSVC(class_weight='balanced',
                                                                              loss='squared_epsilon_insensitive',
                                                                              max_iter=1000.0,
                                                                              random_state=12345),
                                                     cv=5),
                    n_jobs=1)|standardscaler__copy:True|standardscaler__with_mean:True|standardscaler__with_std:True|onevsrestclassifier__estimator__base_estimator__C:1.0|onevsrestclassifier__estimator__base_estimator__class_weight:balanced|onevsrestclassifier__estimator__base_estimator__dual:True|onevsrestclassifier__estimator__base_estimator__fit_intercept:True|onevsrestclassifier__estimator__base_estimator__intercept_scaling:1|onevsrestclassifier__estimator__base_estimator__loss:squared_epsilon_insensitive|onevsrestclassifier__estimator__base_estimator__max_iter:1000.0|onevsrestclassifier__estimator__base_estimator__multi_class:ovr|onevsrestclassifier__estimator__base_estimator__penalty:l2|onevsrestclassifier__estimator__base_estimator__random_state:12345|onevsrestclassifier__estimator__base_estimator__tol:0.0001|onevsrestclassifier__estimator__base_estimator__verbose:0|onevsrestclassifier__estimator__base_estimator:LinearSVC(class_weight='balanced', loss='squared_epsilon_insensitive',
          max_iter=1000.0, random_state=12345)|onevsrestclassifier__estimator__cv:5|onevsrestclassifier__estimator__ensemble:True|onevsrestclassifier__estimator__method:sigmoid|onevsrestclassifier__estimator__n_jobs:None|onevsrestclassifier__estimator:CalibratedClassifierCV(base_estimator=LinearSVC(class_weight='balanced',
                                                loss='squared_epsilon_insensitive',
                                                max_iter=1000.0,
                                                random_state=12345),
                       cv=5)|onevsrestclassifier__n_jobs:1",all,Perception,Perception,2,0.006573004854308861,0.018656399729902923,0.016469189400651577,0.022636804718943797,0.020231290990890105,0.04096210178242915,0.09656884184332128,-0.003940933077041518,-0.0026424797560232827,-0.0031452688181027515,-0.004843895740360061,-0.005608329195350405,-0.011363025313243798,-0.010907520804285606,-0.004657958919906721,-0.005122965482411607,-0.007618004669660615,-0.006127558128261953,-0.003775687319266808,0.004955545363912182,0.0037043351111376477
1,0.5954523822469134,545,same,2,"memory:None|steps:[('standardscaler', StandardScaler()), ('onevsrestclassifier', OneVsRestClassifier(estimator=CalibratedClassifierCV(base_estimator=LinearSVC(class_weight='balanced',
                                                                              loss='squared_epsilon_insensitive',
                                                                              max_iter=1000.0,
                                                                              random_state=12345),
                                                     cv=5),
                    n_jobs=1))]|verbose:False|standardscaler:StandardScaler()|onevsrestclassifier:OneVsRestClassifier(estimator=CalibratedClassifierCV(base_estimator=LinearSVC(class_weight='balanced',
                                                                              loss='squared_epsilon_insensitive',
                                                                              max_iter=1000.0,
                                                                              random_state=12345),
                                                     cv=5),
                    n_jobs=1)|standardscaler__copy:True|standardscaler__with_mean:True|standardscaler__with_std:True|onevsrestclassifier__estimator__base_estimator__C:1.0|onevsrestclassifier__estimator__base_estimator__class_weight:balanced|onevsrestclassifier__estimator__base_estimator__dual:True|onevsrestclassifier__estimator__base_estimator__fit_intercept:True|onevsrestclassifier__estimator__base_estimator__intercept_scaling:1|onevsrestclassifier__estimator__base_estimator__loss:squared_epsilon_insensitive|onevsrestclassifier__estimator__base_estimator__max_iter:1000.0|onevsrestclassifier__estimator__base_estimator__multi_class:ovr|onevsrestclassifier__estimator__base_estimator__penalty:l2|onevsrestclassifier__estimator__base_estimator__random_state:12345|onevsrestclassifier__estimator__base_estimator__tol:0.0001|onevsrestclassifier__estimator__base_estimator__verbose:0|onevsrestclassifier__estimator__base_estimator:LinearSVC(class_weight='balanced', loss='squared_epsilon_insensitive',
          max_iter=1000.0, random_state=12345)|onevsrestclassifier__estimator__cv:5|onevsrestclassifier__estimator__ensemble:True|onevsrestclassifier__estimator__method:sigmoid|onevsrestclassifier__estimator__n_jobs:None|onevsrestclassifier__estimator:CalibratedClassifierCV(base_estimator=LinearSVC(class_weight='balanced',
                                                loss='squared_epsilon_insensitive',
                                                max_iter=1000.0,
                                                random_state=12345),
                       cv=5)|onevsrestclassifier__n_jobs:1",all,Perception,Perception,3,0.01439274270257856,0.020886384580648426,0.015361741677956467,0.020679405778207243,0.022838284971466397,0.04182655106438392,0.09879194720471544,-0.00028706127953717875,0.00487909947124358,0.008917152059029505,0.00674004550828329,0.002509817461552819,0.004597352662979,0.0010741346896840753,0.005300150525187211,0.0006207400360415858,0.004121981450943833,-0.000843239620494459,0.0032011579595023574,0.005187004798803115,0.00796066700880326
1,0.5954523822469134,545,same,2,"memory:None|steps:[('standardscaler', StandardScaler()), ('onevsrestclassifier', OneVsRestClassifier(estimator=CalibratedClassifierCV(base_estimator=LinearSVC(class_weight='balanced',
                                                                              loss='squared_epsilon_insensitive',
                                                                              max_iter=1000.0,
                                                                              random_state=12345),
                                                     cv=5),
                    n_jobs=1))]|verbose:False|standardscaler:StandardScaler()|onevsrestclassifier:OneVsRestClassifier(estimator=CalibratedClassifierCV(base_estimator=LinearSVC(class_weight='balanced',
                                                                              loss='squared_epsilon_insensitive',
                                                                              max_iter=1000.0,
                                                                              random_state=12345),
                                                     cv=5),
                    n_jobs=1)|standardscaler__copy:True|standardscaler__with_mean:True|standardscaler__with_std:True|onevsrestclassifier__estimator__base_estimator__C:1.0|onevsrestclassifier__estimator__base_estimator__class_weight:balanced|onevsrestclassifier__estimator__base_estimator__dual:True|onevsrestclassifier__estimator__base_estimator__fit_intercept:True|onevsrestclassifier__estimator__base_estimator__intercept_scaling:1|onevsrestclassifier__estimator__base_estimator__loss:squared_epsilon_insensitive|onevsrestclassifier__estimator__base_estimator__max_iter:1000.0|onevsrestclassifier__estimator__base_estimator__multi_class:ovr|onevsrestclassifier__estimator__base_estimator__penalty:l2|onevsrestclassifier__estimator__base_estimator__random_state:12345|onevsrestclassifier__estimator__base_estimator__tol:0.0001|onevsrestclassifier__estimator__base_estimator__verbose:0|onevsrestclassifier__estimator__base_estimator:LinearSVC(class_weight='balanced', loss='squared_epsilon_insensitive',
          max_iter=1000.0, random_state=12345)|onevsrestclassifier__estimator__cv:5|onevsrestclassifier__estimator__ensemble:True|onevsrestclassifier__estimator__method:sigmoid|onevsrestclassifier__estimator__n_jobs:None|onevsrestclassifier__estimator:CalibratedClassifierCV(base_estimator=LinearSVC(class_weight='balanced',
                                                loss='squared_epsilon_insensitive',
                                                max_iter=1000.0,
                                                random_state=12345),
                       cv=5)|onevsrestclassifier__n_jobs:1",all,Perception,Perception,4,0.00993744321295448,0.020507711855178464,0.013233485079148278,0.015120934415501426,0.0204385152083797,0.037731633477848504,0.09728549109118938,-0.002786082460968958,-0.0014900973555232128,-0.004252789892118338,-0.006192174922586019,-0.005801259228883257,-0.006988409837835713,-0.012010361591930977,-0.005583306625134873,-0.0038402854498149033,-0.005770435596919902,-0.009119633048500067,-0.003236029158600557,-0.004577900670164609,-0.0007925180444311288
1,0.5954523822469134,545,same,2,"memory:None|steps:[('standardscaler', StandardScaler()), ('onevsrestclassifier', OneVsRestClassifier(estimator=CalibratedClassifierCV(base_estimator=LinearSVC(class_weight='balanced',
                                                                              loss='squared_epsilon_insensitive',
                                                                              max_iter=1000.0,
                                                                              random_state=12345),
                                                     cv=5),
                    n_jobs=1))]|verbose:False|standardscaler:StandardScaler()|onevsrestclassifier:OneVsRestClassifier(estimator=CalibratedClassifierCV(base_estimator=LinearSVC(class_weight='balanced',
                                                                              loss='squared_epsilon_insensitive',
                                                                              max_iter=1000.0,
                                                                              random_state=12345),
                                                     cv=5),
                    n_jobs=1)|standardscaler__copy:True|standardscaler__with_mean:True|standardscaler__with_std:True|onevsrestclassifier__estimator__base_estimator__C:1.0|onevsrestclassifier__estimator__base_estimator__class_weight:balanced|onevsrestclassifier__estimator__base_estimator__dual:True|onevsrestclassifier__estimator__base_estimator__fit_intercept:True|onevsrestclassifier__estimator__base_estimator__intercept_scaling:1|onevsrestclassifier__estimator__base_estimator__loss:squared_epsilon_insensitive|onevsrestclassifier__estimator__base_estimator__max_iter:1000.0|onevsrestclassifier__estimator__base_estimator__multi_class:ovr|onevsrestclassifier__estimator__base_estimator__penalty:l2|onevsrestclassifier__estimator__base_estimator__random_state:12345|onevsrestclassifier__estimator__base_estimator__tol:0.0001|onevsrestclassifier__estimator__base_estimator__verbose:0|onevsrestclassifier__estimator__base_estimator:LinearSVC(class_weight='balanced', loss='squared_epsilon_insensitive',
          max_iter=1000.0, random_state=12345)|onevsrestclassifier__estimator__cv:5|onevsrestclassifier__estimator__ensemble:True|onevsrestclassifier__estimator__method:sigmoid|onevsrestclassifier__estimator__n_jobs:None|onevsrestclassifier__estimator:CalibratedClassifierCV(base_estimator=LinearSVC(class_weight='balanced',
                                                loss='squared_epsilon_insensitive',
                                                max_iter=1000.0,
                                                random_state=12345),
                       cv=5)|onevsrestclassifier__n_jobs:1",all,Perception,Perception,5,0.012160118167837672,0.022856196670226415,0.018881536612366672,0.0214551477180226,0.026520281489801255,0.040214585334877616,0.097431323334581,-0.0016484769393302246,-0.003411269591820248,0.001235035840301553,-0.0006976758268651174,-0.0031100711853449627,-0.005078550350103429,-0.0079375797105709,-0.006280116160674139,-0.004416382176352185,0.0006370949274266918,-0.0104341320184567,-0.0023732911436896804,0.002877137609627893,0.003084726245857376
2,0.6499531570638275,529,same,3,"memory:None|steps:[('standardscaler', StandardScaler()), ('onevsrestclassifier', OneVsRestClassifier(estimator=CalibratedClassifierCV(base_estimator=LinearSVC(class_weight='balanced',
                                                                              loss='squared_epsilon_insensitive',
                                                                              max_iter=1000.0,
                                                                              random_state=12345),
                                                     cv=5),
                    n_jobs=1))]|verbose:False|standardscaler:StandardScaler()|onevsrestclassifier:OneVsRestClassifier(estimator=CalibratedClassifierCV(base_estimator=LinearSVC(class_weight='balanced',
                                                                              loss='squared_epsilon_insensitive',
                                                                              max_iter=1000.0,
                                                                              random_state=12345),
                                                     cv=5),
                    n_jobs=1)|standardscaler__copy:True|standardscaler__with_mean:True|standardscaler__with_std:True|onevsrestclassifier__estimator__base_estimator__C:1.0|onevsrestclassifier__estimator__base_estimator__class_weight:balanced|onevsrestclassifier__estimator__base_estimator__dual:True|onevsrestclassifier__estimator__base_estimator__fit_intercept:True|onevsrestclassifier__estimator__base_estimator__intercept_scaling:1|onevsrestclassifier__estimator__base_estimator__loss:squared_epsilon_insensitive|onevsrestclassifier__estimator__base_estimator__max_iter:1000.0|onevsrestclassifier__estimator__base_estimator__multi_class:ovr|onevsrestclassifier__estimator__base_estimator__penalty:l2|onevsrestclassifier__estimator__base_estimator__random_state:12345|onevsrestclassifier__estimator__base_estimator__tol:0.0001|onevsrestclassifier__estimator__base_estimator__verbose:0|onevsrestclassifier__estimator__base_estimator:LinearSVC(class_weight='balanced', loss='squared_epsilon_insensitive',
          max_iter=1000.0, random_state=12345)|onevsrestclassifier__estimator__cv:5|onevsrestclassifier__estimator__ensemble:True|onevsrestclassifier__estimator__method:sigmoid|onevsrestclassifier__estimator__n_jobs:None|onevsrestclassifier__estimator:CalibratedClassifierCV(base_estimator=LinearSVC(class_weight='balanced',
                                                loss='squared_epsilon_insensitive',
                                                max_iter=1000.0,
                                                random_state=12345),
                       cv=5)|onevsrestclassifier__n_jobs:1",all,Perception,Perception,1,0.011865827338015627,0.029143128487177632,0.018298375734550697,0.022825151521604123,0.0212549588593595,0.037810852545787095,0.09536096157020749,-0.002514654217664899,-0.0033804987146574053,-0.00224199954159035,-0.002957605881512179,-0.0025519462372988995,-0.00724511758565849,-0.0056907587199454155,-0.0036199696827811166,0.0011038993744178155,-0.003158662505833614,-0.006824519548231547,-0.006635314733132069,0.003364582751214814,-6.078494153954018e-06
2,0.6499531570638275,529,same,3,"memory:None|steps:[('standardscaler', StandardScaler()), ('onevsrestclassifier', OneVsRestClassifier(estimator=CalibratedClassifierCV(base_estimator=LinearSVC(class_weight='balanced',
                                                                              loss='squared_epsilon_insensitive',
                                                                              max_iter=1000.0,
                                                                              random_state=12345),
                                                     cv=5),
                    n_jobs=1))]|verbose:False|standardscaler:StandardScaler()|onevsrestclassifier:OneVsRestClassifier(estimator=CalibratedClassifierCV(base_estimator=LinearSVC(class_weight='balanced',
                                                                              loss='squared_epsilon_insensitive',
                                                                              max_iter=1000.0,
                                                                              random_state=12345),
                                                     cv=5),
                    n_jobs=1)|standardscaler__copy:True|standardscaler__with_mean:True|standardscaler__with_std:True|onevsrestclassifier__estimator__base_estimator__C:1.0|onevsrestclassifier__estimator__base_estimator__class_weight:balanced|onevsrestclassifier__estimator__base_estimator__dual:True|onevsrestclassifier__estimator__base_estimator__fit_intercept:True|onevsrestclassifier__estimator__base_estimator__intercept_scaling:1|onevsrestclassifier__estimator__base_estimator__loss:squared_epsilon_insensitive|onevsrestclassifier__estimator__base_estimator__max_iter:1000.0|onevsrestclassifier__estimator__base_estimator__multi_class:ovr|onevsrestclassifier__estimator__base_estimator__penalty:l2|onevsrestclassifier__estimator__base_estimator__random_state:12345|onevsrestclassifier__estimator__base_estimator__tol:0.0001|onevsrestclassifier__estimator__base_estimator__verbose:0|onevsrestclassifier__estimator__base_estimator:LinearSVC(class_weight='balanced', loss='squared_epsilon_insensitive',
          max_iter=1000.0, random_state=12345)|onevsrestclassifier__estimator__cv:5|onevsrestclassifier__estimator__ensemble:True|onevsrestclassifier__estimator__method:sigmoid|onevsrestclassifier__estimator__n_jobs:None|onevsrestclassifier__estimator:CalibratedClassifierCV(base_estimator=LinearSVC(class_weight='balanced',
                                                loss='squared_epsilon_insensitive',
                                                max_iter=1000.0,
                                                random_state=12345),
                       cv=5)|onevsrestclassifier__n_jobs:1",all,Perception,Perception,2,0.007101600673322517,0.017507151720359763,0.01797751783236946,0.024782603534450366,0.02205132057703043,0.04145782474623366,0.09044307279175169,-0.0035784202733895785,-0.0018740807339175838,-0.004975734918435243,-0.005996002254635764,-0.007016624220088434,-0.011677735235728022,-0.009014209031848354,-0.00387585724470817,-0.001346746395372777,-0.00432963416816119,-0.007746265264753288,-0.002977046652297034,0.008846696637746626,0.00378788139483535
2,0.6499531570638275,529,same,3,"memory:None|steps:[('standardscaler', StandardScaler()), ('onevsrestclassifier', OneVsRestClassifier(estimator=CalibratedClassifierCV(base_estimator=LinearSVC(class_weight='balanced',
                                                                              loss='squared_epsilon_insensitive',
                                                                              max_iter=1000.0,
                                                                              random_state=12345),
                                                     cv=5),
                    n_jobs=1))]|verbose:False|standardscaler:StandardScaler()|onevsrestclassifier:OneVsRestClassifier(estimator=CalibratedClassifierCV(base_estimator=LinearSVC(class_weight='balanced',
                                                                              loss='squared_epsilon_insensitive',
                                                                              max_iter=1000.0,
                                                                              random_state=12345),
                                                     cv=5),
                    n_jobs=1)|standardscaler__copy:True|standardscaler__with_mean:True|standardscaler__with_std:True|onevsrestclassifier__estimator__base_estimator__C:1.0|onevsrestclassifier__estimator__base_estimator__class_weight:balanced|onevsrestclassifier__estimator__base_estimator__dual:True|onevsrestclassifier__estimator__base_estimator__fit_intercept:True|onevsrestclassifier__estimator__base_estimator__intercept_scaling:1|onevsrestclassifier__estimator__base_estimator__loss:squared_epsilon_insensitive|onevsrestclassifier__estimator__base_estimator__max_iter:1000.0|onevsrestclassifier__estimator__base_estimator__multi_class:ovr|onevsrestclassifier__estimator__base_estimator__penalty:l2|onevsrestclassifier__estimator__base_estimator__random_state:12345|onevsrestclassifier__estimator__base_estimator__tol:0.0001|onevsrestclassifier__estimator__base_estimator__verbose:0|onevsrestclassifier__estimator__base_estimator:LinearSVC(class_weight='balanced', loss='squared_epsilon_insensitive',
          max_iter=1000.0, random_state=12345)|onevsrestclassifier__estimator__cv:5|onevsrestclassifier__estimator__ensemble:True|onevsrestclassifier__estimator__method:sigmoid|onevsrestclassifier__estimator__n_jobs:None|onevsrestclassifier__estimator:CalibratedClassifierCV(base_estimator=LinearSVC(class_weight='balanced',
                                                loss='squared_epsilon_insensitive',
                                                max_iter=1000.0,
                                                random_state=12345),
                       cv=5)|onevsrestclassifier__n_jobs:1",all,Perception,Perception,3,0.013441471683956164,0.019800794970940012,0.01649003974496312,0.023262515091248433,0.02382262399835038,0.04213438602520513,0.09218740139666506,-0.000576146137601936,0.0049780734844628565,0.006927766793642146,0.004853844768670693,0.000989710612064883,0.0034320129517371755,0.002584730601740351,0.004349999961689747,0.0039245021609176185,0.006500605634254109,-0.0027379411751346115,0.0026263469257793385,0.009803885156587408,0.007214334426001784
2,0.6499531570638275,529,same,3,"memory:None|steps:[('standardscaler', StandardScaler()), ('onevsrestclassifier', OneVsRestClassifier(estimator=CalibratedClassifierCV(base_estimator=LinearSVC(class_weight='balanced',
                                                                              loss='squared_epsilon_insensitive',
                                                                              max_iter=1000.0,
                                                                              random_state=12345),
                                                     cv=5),
                    n_jobs=1))]|verbose:False|standardscaler:StandardScaler()|onevsrestclassifier:OneVsRestClassifier(estimator=CalibratedClassifierCV(base_estimator=LinearSVC(class_weight='balanced',
                                                                              loss='squared_epsilon_insensitive',
                                                                              max_iter=1000.0,
                                                                              random_state=12345),
                                                     cv=5),
                    n_jobs=1)|standardscaler__copy:True|standardscaler__with_mean:True|standardscaler__with_std:True|onevsrestclassifier__estimator__base_estimator__C:1.0|onevsrestclassifier__estimator__base_estimator__class_weight:balanced|onevsrestclassifier__estimator__base_estimator__dual:True|onevsrestclassifier__estimator__base_estimator__fit_intercept:True|onevsrestclassifier__estimator__base_estimator__intercept_scaling:1|onevsrestclassifier__estimator__base_estimator__loss:squared_epsilon_insensitive|onevsrestclassifier__estimator__base_estimator__max_iter:1000.0|onevsrestclassifier__estimator__base_estimator__multi_class:ovr|onevsrestclassifier__estimator__base_estimator__penalty:l2|onevsrestclassifier__estimator__base_estimator__random_state:12345|onevsrestclassifier__estimator__base_estimator__tol:0.0001|onevsrestclassifier__estimator__base_estimator__verbose:0|onevsrestclassifier__estimator__base_estimator:LinearSVC(class_weight='balanced', loss='squared_epsilon_insensitive',
          max_iter=1000.0, random_state=12345)|onevsrestclassifier__estimator__cv:5|onevsrestclassifier__estimator__ensemble:True|onevsrestclassifier__estimator__method:sigmoid|onevsrestclassifier__estimator__n_jobs:None|onevsrestclassifier__estimator:CalibratedClassifierCV(base_estimator=LinearSVC(class_weight='balanced',
                                                loss='squared_epsilon_insensitive',
                                                max_iter=1000.0,
                                                random_state=12345),
                       cv=5)|onevsrestclassifier__n_jobs:1",all,Perception,Perception,4,0.010219402753672285,0.019512701759391994,0.014393014802803262,0.016680442268987506,0.02190848952249705,0.03808100096882833,0.0919578182133979,-0.0023186501993379565,0.0006174494990481593,-0.004602974170083607,-0.0063115833678544404,-0.006232866176252512,-0.006542561634494308,-0.009399412292363326,-0.004991724334024405,-0.00039524885474990476,-0.0037613481177170387,-0.012245713959927367,-0.003080282579233996,0.00016789780954654115,-0.0007562714055879603
2,0.6499531570638275,529,same,3,"memory:None|steps:[('standardscaler', StandardScaler()), ('onevsrestclassifier', OneVsRestClassifier(estimator=CalibratedClassifierCV(base_estimator=LinearSVC(class_weight='balanced',
                                                                              loss='squared_epsilon_insensitive',
                                                                              max_iter=1000.0,
                                                                              random_state=12345),
                                                     cv=5),
                    n_jobs=1))]|verbose:False|standardscaler:StandardScaler()|onevsrestclassifier:OneVsRestClassifier(estimator=CalibratedClassifierCV(base_estimator=LinearSVC(class_weight='balanced',
                                                                              loss='squared_epsilon_insensitive',
                                                                              max_iter=1000.0,
                                                                              random_state=12345),
                                                     cv=5),
                    n_jobs=1)|standardscaler__copy:True|standardscaler__with_mean:True|standardscaler__with_std:True|onevsrestclassifier__estimator__base_estimator__C:1.0|onevsrestclassifier__estimator__base_estimator__class_weight:balanced|onevsrestclassifier__estimator__base_estimator__dual:True|onevsrestclassifier__estimator__base_estimator__fit_intercept:True|onevsrestclassifier__estimator__base_estimator__intercept_scaling:1|onevsrestclassifier__estimator__base_estimator__loss:squared_epsilon_insensitive|onevsrestclassifier__estimator__base_estimator__max_iter:1000.0|onevsrestclassifier__estimator__base_estimator__multi_class:ovr|onevsrestclassifier__estimator__base_estimator__penalty:l2|onevsrestclassifier__estimator__base_estimator__random_state:12345|onevsrestclassifier__estimator__base_estimator__tol:0.0001|onevsrestclassifier__estimator__base_estimator__verbose:0|onevsrestclassifier__estimator__base_estimator:LinearSVC(class_weight='balanced', loss='squared_epsilon_insensitive',
          max_iter=1000.0, random_state=12345)|onevsrestclassifier__estimator__cv:5|onevsrestclassifier__estimator__ensemble:True|onevsrestclassifier__estimator__method:sigmoid|onevsrestclassifier__estimator__n_jobs:None|onevsrestclassifier__estimator:CalibratedClassifierCV(base_estimator=LinearSVC(class_weight='balanced',
                                                loss='squared_epsilon_insensitive',
                                                max_iter=1000.0,
                                                random_state=12345),
                       cv=5)|onevsrestclassifier__n_jobs:1",all,Perception,Perception,5,0.011392995792967821,0.021361898353305816,0.019618478502251204,0.02333527576550851,0.027377975717325864,0.040170099399485945,0.09121599306726762,-0.0008556542638343718,-0.0018459929969661107,5.0998502653609886e-05,-0.00128974992870763,-0.003705864293655339,-0.00506276031119736,-0.005579641954332798,-0.006312618693372444,-0.0013592424121982578,0.0024300070661518003,-0.012281589189560052,-0.0022186966266286947,0.006629561879240667,0.0031938208240405615
3,0.6083161763703446,692,same,4,"memory:None|steps:[('standardscaler', StandardScaler()), ('onevsrestclassifier', OneVsRestClassifier(estimator=CalibratedClassifierCV(base_estimator=LinearSVC(C=10.0,
                                                                              class_weight='balanced',
                                                                              loss='squared_epsilon_insensitive',
                                                                              max_iter=1000.0,
                                                                              random_state=12345),
                                                     cv=5),
                    n_jobs=1))]|verbose:False|standardscaler:StandardScaler()|onevsrestclassifier:OneVsRestClassifier(estimator=CalibratedClassifierCV(base_estimator=LinearSVC(C=10.0,
                                                                              class_weight='balanced',
                                                                              loss='squared_epsilon_insensitive',
                                                                              max_iter=1000.0,
                                                                              random_state=12345),
                                                     cv=5),
                    n_jobs=1)|standardscaler__copy:True|standardscaler__with_mean:True|standardscaler__with_std:True|onevsrestclassifier__estimator__base_estimator__C:10.0|onevsrestclassifier__estimator__base_estimator__class_weight:balanced|onevsrestclassifier__estimator__base_estimator__dual:True|onevsrestclassifier__estimator__base_estimator__fit_intercept:True|onevsrestclassifier__estimator__base_estimator__intercept_scaling:1|onevsrestclassifier__estimator__base_estimator__loss:squared_epsilon_insensitive|onevsrestclassifier__estimator__base_estimator__max_iter:1000.0|onevsrestclassifier__estimator__base_estimator__multi_class:ovr|onevsrestclassifier__estimator__base_estimator__penalty:l2|onevsrestclassifier__estimator__base_estimator__random_state:12345|onevsrestclassifier__estimator__base_estimator__tol:0.0001|onevsrestclassifier__estimator__base_estimator__verbose:0|onevsrestclassifier__estimator__base_estimator:LinearSVC(C=10.0, class_weight='balanced', loss='squared_epsilon_insensitive',
          max_iter=1000.0, random_state=12345)|onevsrestclassifier__estimator__cv:5|onevsrestclassifier__estimator__ensemble:True|onevsrestclassifier__estimator__method:sigmoid|onevsrestclassifier__estimator__n_jobs:None|onevsrestclassifier__estimator:CalibratedClassifierCV(base_estimator=LinearSVC(C=10.0, class_weight='balanced',
                                                loss='squared_epsilon_insensitive',
                                                max_iter=1000.0,
                                                random_state=12345),
                       cv=5)|onevsrestclassifier__n_jobs:1",all,Perception,Perception,1,0.011930243334423763,0.03018534311463256,0.019540690313562457,0.022537197414602264,0.01772758933531287,0.02918900527054333,0.09088925517726659,0.010598454979124663,0.001904487104740032,-0.007439180632972119,-0.011341251242292115,0.0048964527350035,-0.017509050042189202,-0.0013776866862602142,0.006998085755189617,-0.004230398143865914,0.0028007233712633558,-0.002380022901081326,-0.006179927106469315,-0.00046456536501923864,-0.01022537119840744
3,0.6083161763703446,692,same,4,"memory:None|steps:[('standardscaler', StandardScaler()), ('onevsrestclassifier', OneVsRestClassifier(estimator=CalibratedClassifierCV(base_estimator=LinearSVC(C=10.0,
                                                                              class_weight='balanced',
                                                                              loss='squared_epsilon_insensitive',
                                                                              max_iter=1000.0,
                                                                              random_state=12345),
                                                     cv=5),
                    n_jobs=1))]|verbose:False|standardscaler:StandardScaler()|onevsrestclassifier:OneVsRestClassifier(estimator=CalibratedClassifierCV(base_estimator=LinearSVC(C=10.0,
                                                                              class_weight='balanced',
                                                                              loss='squared_epsilon_insensitive',
                                                                              max_iter=1000.0,
                                                                              random_state=12345),
                                                     cv=5),
                    n_jobs=1)|standardscaler__copy:True|standardscaler__with_mean:True|standardscaler__with_std:True|onevsrestclassifier__estimator__base_estimator__C:10.0|onevsrestclassifier__estimator__base_estimator__class_weight:balanced|onevsrestclassifier__estimator__base_estimator__dual:True|onevsrestclassifier__estimator__base_estimator__fit_intercept:True|onevsrestclassifier__estimator__base_estimator__intercept_scaling:1|onevsrestclassifier__estimator__base_estimator__loss:squared_epsilon_insensitive|onevsrestclassifier__estimator__base_estimator__max_iter:1000.0|onevsrestclassifier__estimator__base_estimator__multi_class:ovr|onevsrestclassifier__estimator__base_estimator__penalty:l2|onevsrestclassifier__estimator__base_estimator__random_state:12345|onevsrestclassifier__estimator__base_estimator__tol:0.0001|onevsrestclassifier__estimator__base_estimator__verbose:0|onevsrestclassifier__estimator__base_estimator:LinearSVC(C=10.0, class_weight='balanced', loss='squared_epsilon_insensitive',
          max_iter=1000.0, random_state=12345)|onevsrestclassifier__estimator__cv:5|onevsrestclassifier__estimator__ensemble:True|onevsrestclassifier__estimator__method:sigmoid|onevsrestclassifier__estimator__n_jobs:None|onevsrestclassifier__estimator:CalibratedClassifierCV(base_estimator=LinearSVC(C=10.0, class_weight='balanced',
                                                loss='squared_epsilon_insensitive',
                                                max_iter=1000.0,
                                                random_state=12345),
                       cv=5)|onevsrestclassifier__n_jobs:1",all,Perception,Perception,2,0.02084456149566612,0.01426430317725062,0.02658086688423558,0.026703177858658295,0.02659920513697878,0.04532092380461643,0.08195363159856277,0.0015980701694966425,0.0016534788829442551,0.003645288401160586,-0.009724108985603547,-0.0021014056700127933,-0.014657858698957376,-0.002026389838249347,0.006222867225516363,0.002750350047691018,-0.006267959731451869,-0.008030034876242972,-0.007844830272783147,0.005778049210851076,-0.004386370694291132
3,0.6083161763703446,692,same,4,"memory:None|steps:[('standardscaler', StandardScaler()), ('onevsrestclassifier', OneVsRestClassifier(estimator=CalibratedClassifierCV(base_estimator=LinearSVC(C=10.0,
                                                                              class_weight='balanced',
                                                                              loss='squared_epsilon_insensitive',
                                                                              max_iter=1000.0,
                                                                              random_state=12345),
                                                     cv=5),
                    n_jobs=1))]|verbose:False|standardscaler:StandardScaler()|onevsrestclassifier:OneVsRestClassifier(estimator=CalibratedClassifierCV(base_estimator=LinearSVC(C=10.0,
                                                                              class_weight='balanced',
                                                                              loss='squared_epsilon_insensitive',
                                                                              max_iter=1000.0,
                                                                              random_state=12345),
                                                     cv=5),
                    n_jobs=1)|standardscaler__copy:True|standardscaler__with_mean:True|standardscaler__with_std:True|onevsrestclassifier__estimator__base_estimator__C:10.0|onevsrestclassifier__estimator__base_estimator__class_weight:balanced|onevsrestclassifier__estimator__base_estimator__dual:True|onevsrestclassifier__estimator__base_estimator__fit_intercept:True|onevsrestclassifier__estimator__base_estimator__intercept_scaling:1|onevsrestclassifier__estimator__base_estimator__loss:squared_epsilon_insensitive|onevsrestclassifier__estimator__base_estimator__max_iter:1000.0|onevsrestclassifier__estimator__base_estimator__multi_class:ovr|onevsrestclassifier__estimator__base_estimator__penalty:l2|onevsrestclassifier__estimator__base_estimator__random_state:12345|onevsrestclassifier__estimator__base_estimator__tol:0.0001|onevsrestclassifier__estimator__base_estimator__verbose:0|onevsrestclassifier__estimator__base_estimator:LinearSVC(C=10.0, class_weight='balanced', loss='squared_epsilon_insensitive',
          max_iter=1000.0, random_state=12345)|onevsrestclassifier__estimator__cv:5|onevsrestclassifier__estimator__ensemble:True|onevsrestclassifier__estimator__method:sigmoid|onevsrestclassifier__estimator__n_jobs:None|onevsrestclassifier__estimator:CalibratedClassifierCV(base_estimator=LinearSVC(C=10.0, class_weight='balanced',
                                                loss='squared_epsilon_insensitive',
                                                max_iter=1000.0,
                                                random_state=12345),
                       cv=5)|onevsrestclassifier__n_jobs:1",all,Perception,Perception,3,0.01307221287136922,0.019294882440856802,0.009419811714215973,0.012589935758524351,0.024469017193819796,0.03998493043546251,0.09483702063668857,-0.009192482394250188,0.0045206462145234915,0.008767273243843073,0.006430389760032931,-0.002987816801913728,-0.005915928874704131,0.008868109211800708,0.0023566200431497444,0.008386590892588744,-0.006452445293124115,-0.004110688690631538,-0.00015129646299123897,0.020585049923065715,0.007742197854907467
3,0.6083161763703446,692,same,4,"memory:None|steps:[('standardscaler', StandardScaler()), ('onevsrestclassifier', OneVsRestClassifier(estimator=CalibratedClassifierCV(base_estimator=LinearSVC(C=10.0,
                                                                              class_weight='balanced',
                                                                              loss='squared_epsilon_insensitive',
                                                                              max_iter=1000.0,
                                                                              random_state=12345),
                                                     cv=5),
                    n_jobs=1))]|verbose:False|standardscaler:StandardScaler()|onevsrestclassifier:OneVsRestClassifier(estimator=CalibratedClassifierCV(base_estimator=LinearSVC(C=10.0,
                                                                              class_weight='balanced',
                                                                              loss='squared_epsilon_insensitive',
                                                                              max_iter=1000.0,
                                                                              random_state=12345),
                                                     cv=5),
                    n_jobs=1)|standardscaler__copy:True|standardscaler__with_mean:True|standardscaler__with_std:True|onevsrestclassifier__estimator__base_estimator__C:10.0|onevsrestclassifier__estimator__base_estimator__class_weight:balanced|onevsrestclassifier__estimator__base_estimator__dual:True|onevsrestclassifier__estimator__base_estimator__fit_intercept:True|onevsrestclassifier__estimator__base_estimator__intercept_scaling:1|onevsrestclassifier__estimator__base_estimator__loss:squared_epsilon_insensitive|onevsrestclassifier__estimator__base_estimator__max_iter:1000.0|onevsrestclassifier__estimator__base_estimator__multi_class:ovr|onevsrestclassifier__estimator__base_estimator__penalty:l2|onevsrestclassifier__estimator__base_estimator__random_state:12345|onevsrestclassifier__estimator__base_estimator__tol:0.0001|onevsrestclassifier__estimator__base_estimator__verbose:0|onevsrestclassifier__estimator__base_estimator:LinearSVC(C=10.0, class_weight='balanced', loss='squared_epsilon_insensitive',
          max_iter=1000.0, random_state=12345)|onevsrestclassifier__estimator__cv:5|onevsrestclassifier__estimator__ensemble:True|onevsrestclassifier__estimator__method:sigmoid|onevsrestclassifier__estimator__n_jobs:None|onevsrestclassifier__estimator:CalibratedClassifierCV(base_estimator=LinearSVC(C=10.0, class_weight='balanced',
                                                loss='squared_epsilon_insensitive',
                                                max_iter=1000.0,
                                                random_state=12345),
                       cv=5)|onevsrestclassifier__n_jobs:1",all,Perception,Perception,4,0.00849723882545851,0.0244785226358818,0.012777449154060084,0.013346598387948947,0.021877869231599914,0.039220484802021324,0.08624842493814219,-0.0002355589406627766,0.011075088103362607,-0.0031512439158200714,-0.008177463940299523,-0.004777043073317423,-0.011407557298844177,0.0036204160832693103,0.003916773535684644,0.007457612769852,-0.011577734066296438,-0.01676597811706966,0.0012823424516211705,0.014886743736584614,0.00043224268343159994
3,0.6083161763703446,692,same,4,"memory:None|steps:[('standardscaler', StandardScaler()), ('onevsrestclassifier', OneVsRestClassifier(estimator=CalibratedClassifierCV(base_estimator=LinearSVC(C=10.0,
                                                                              class_weight='balanced',
                                                                              loss='squared_epsilon_insensitive',
                                                                              max_iter=1000.0,
                                                                              random_state=12345),
                                                     cv=5),
                    n_jobs=1))]|verbose:False|standardscaler:StandardScaler()|onevsrestclassifier:OneVsRestClassifier(estimator=CalibratedClassifierCV(base_estimator=LinearSVC(C=10.0,
                                                                              class_weight='balanced',
                                                                              loss='squared_epsilon_insensitive',
                                                                              max_iter=1000.0,
                                                                              random_state=12345),
                                                     cv=5),
                    n_jobs=1)|standardscaler__copy:True|standardscaler__with_mean:True|standardscaler__with_std:True|onevsrestclassifier__estimator__base_estimator__C:10.0|onevsrestclassifier__estimator__base_estimator__class_weight:balanced|onevsrestclassifier__estimator__base_estimator__dual:True|onevsrestclassifier__estimator__base_estimator__fit_intercept:True|onevsrestclassifier__estimator__base_estimator__intercept_scaling:1|onevsrestclassifier__estimator__base_estimator__loss:squared_epsilon_insensitive|onevsrestclassifier__estimator__base_estimator__max_iter:1000.0|onevsrestclassifier__estimator__base_estimator__multi_class:ovr|onevsrestclassifier__estimator__base_estimator__penalty:l2|onevsrestclassifier__estimator__base_estimator__random_state:12345|onevsrestclassifier__estimator__base_estimator__tol:0.0001|onevsrestclassifier__estimator__base_estimator__verbose:0|onevsrestclassifier__estimator__base_estimator:LinearSVC(C=10.0, class_weight='balanced', loss='squared_epsilon_insensitive',
          max_iter=1000.0, random_state=12345)|onevsrestclassifier__estimator__cv:5|onevsrestclassifier__estimator__ensemble:True|onevsrestclassifier__estimator__method:sigmoid|onevsrestclassifier__estimator__n_jobs:None|onevsrestclassifier__estimator:CalibratedClassifierCV(base_estimator=LinearSVC(C=10.0, class_weight='balanced',
                                                loss='squared_epsilon_insensitive',
                                                max_iter=1000.0,
                                                random_state=12345),
                       cv=5)|onevsrestclassifier__n_jobs:1",all,Perception,Perception,5,0.011134053846677712,0.015374560231437826,0.021723375262633706,0.01046653595044379,0.02477285901470354,0.03900754568924175,0.09437909521154993,0.00046419071870506265,0.004223595595875709,0.002632612202815107,-0.011995164593568069,-0.00038159779533063903,-0.006473346752910202,-0.003569864454771237,3.8532520483002593e-05,-0.0035244046665220824,-0.0032187566275765408,-0.014155389858554517,-0.006256196375854357,0.026628377402416706,0.0046884698420795986
4,0.6284626658814818,572,same,5,"memory:None|steps:[('standardscaler', StandardScaler()), ('onevsrestclassifier', OneVsRestClassifier(estimator=CalibratedClassifierCV(base_estimator=LinearSVC(class_weight='balanced',
                                                                              loss='squared_epsilon_insensitive',
                                                                              max_iter=1000.0,
                                                                              random_state=12345),
                                                     cv=5),
                    n_jobs=1))]|verbose:False|standardscaler:StandardScaler()|onevsrestclassifier:OneVsRestClassifier(estimator=CalibratedClassifierCV(base_estimator=LinearSVC(class_weight='balanced',
                                                                              loss='squared_epsilon_insensitive',
                                                                              max_iter=1000.0,
                                                                              random_state=12345),
                                                     cv=5),
                    n_jobs=1)|standardscaler__copy:True|standardscaler__with_mean:True|standardscaler__with_std:True|onevsrestclassifier__estimator__base_estimator__C:1.0|onevsrestclassifier__estimator__base_estimator__class_weight:balanced|onevsrestclassifier__estimator__base_estimator__dual:True|onevsrestclassifier__estimator__base_estimator__fit_intercept:True|onevsrestclassifier__estimator__base_estimator__intercept_scaling:1|onevsrestclassifier__estimator__base_estimator__loss:squared_epsilon_insensitive|onevsrestclassifier__estimator__base_estimator__max_iter:1000.0|onevsrestclassifier__estimator__base_estimator__multi_class:ovr|onevsrestclassifier__estimator__base_estimator__penalty:l2|onevsrestclassifier__estimator__base_estimator__random_state:12345|onevsrestclassifier__estimator__base_estimator__tol:0.0001|onevsrestclassifier__estimator__base_estimator__verbose:0|onevsrestclassifier__estimator__base_estimator:LinearSVC(class_weight='balanced', loss='squared_epsilon_insensitive',
          max_iter=1000.0, random_state=12345)|onevsrestclassifier__estimator__cv:5|onevsrestclassifier__estimator__ensemble:True|onevsrestclassifier__estimator__method:sigmoid|onevsrestclassifier__estimator__n_jobs:None|onevsrestclassifier__estimator:CalibratedClassifierCV(base_estimator=LinearSVC(class_weight='balanced',
                                                loss='squared_epsilon_insensitive',
                                                max_iter=1000.0,
                                                random_state=12345),
                       cv=5)|onevsrestclassifier__n_jobs:1",all,Perception,Perception,1,0.01044402997241653,0.027410604667652532,0.016746264767433367,0.022840291916612646,0.02141723856104039,0.037671548137754,0.09776698852699196,-0.0019174497165965149,-0.0019227789441220342,-0.0009971265770582108,-0.0036343032816560615,-0.003010415808092747,-0.007895013514276362,-0.005685107743385924,-0.004707597941043958,-5.166199495037799e-05,-0.0034494911430559714,-0.0059886585035588006,-0.005538860669313674,0.0025227262425223758,0.00036177404752455063
4,0.6284626658814818,572,same,5,"memory:None|steps:[('standardscaler', StandardScaler()), ('onevsrestclassifier', OneVsRestClassifier(estimator=CalibratedClassifierCV(base_estimator=LinearSVC(class_weight='balanced',
                                                                              loss='squared_epsilon_insensitive',
                                                                              max_iter=1000.0,
                                                                              random_state=12345),
                                                     cv=5),
                    n_jobs=1))]|verbose:False|standardscaler:StandardScaler()|onevsrestclassifier:OneVsRestClassifier(estimator=CalibratedClassifierCV(base_estimator=LinearSVC(class_weight='balanced',
                                                                              loss='squared_epsilon_insensitive',
                                                                              max_iter=1000.0,
                                                                              random_state=12345),
                                                     cv=5),
                    n_jobs=1)|standardscaler__copy:True|standardscaler__with_mean:True|standardscaler__with_std:True|onevsrestclassifier__estimator__base_estimator__C:1.0|onevsrestclassifier__estimator__base_estimator__class_weight:balanced|onevsrestclassifier__estimator__base_estimator__dual:True|onevsrestclassifier__estimator__base_estimator__fit_intercept:True|onevsrestclassifier__estimator__base_estimator__intercept_scaling:1|onevsrestclassifier__estimator__base_estimator__loss:squared_epsilon_insensitive|onevsrestclassifier__estimator__base_estimator__max_iter:1000.0|onevsrestclassifier__estimator__base_estimator__multi_class:ovr|onevsrestclassifier__estimator__base_estimator__penalty:l2|onevsrestclassifier__estimator__base_estimator__random_state:12345|onevsrestclassifier__estimator__base_estimator__tol:0.0001|onevsrestclassifier__estimator__base_estimator__verbose:0|onevsrestclassifier__estimator__base_estimator:LinearSVC(class_weight='balanced', loss='squared_epsilon_insensitive',
          max_iter=1000.0, random_state=12345)|onevsrestclassifier__estimator__cv:5|onevsrestclassifier__estimator__ensemble:True|onevsrestclassifier__estimator__method:sigmoid|onevsrestclassifier__estimator__n_jobs:None|onevsrestclassifier__estimator:CalibratedClassifierCV(base_estimator=LinearSVC(class_weight='balanced',
                                                loss='squared_epsilon_insensitive',
                                                max_iter=1000.0,
                                                random_state=12345),
                       cv=5)|onevsrestclassifier__n_jobs:1",all,Perception,Perception,2,0.007328562894554682,0.02111498430900802,0.018832518222900916,0.02377148179628359,0.01838331830692517,0.04228343314863745,0.09282654539083687,-0.005919431695670552,-0.003795683909687265,-0.006315973924806913,-0.005125268766141056,-0.004349893258195087,-0.011219040129594276,-0.010069477789992443,-0.005826481274881587,-0.00044601343630052857,-0.006917059886636012,-0.010653922345096748,-0.0050800045503084255,0.009122329657234484,0.004518516146688381
4,0.6284626658814818,572,same,5,"memory:None|steps:[('standardscaler', StandardScaler()), ('onevsrestclassifier', OneVsRestClassifier(estimator=CalibratedClassifierCV(base_estimator=LinearSVC(class_weight='balanced',
                                                                              loss='squared_epsilon_insensitive',
                                                                              max_iter=1000.0,
                                                                              random_state=12345),
                                                     cv=5),
                    n_jobs=1))]|verbose:False|standardscaler:StandardScaler()|onevsrestclassifier:OneVsRestClassifier(estimator=CalibratedClassifierCV(base_estimator=LinearSVC(class_weight='balanced',
                                                                              loss='squared_epsilon_insensitive',
                                                                              max_iter=1000.0,
                                                                              random_state=12345),
                                                     cv=5),
                    n_jobs=1)|standardscaler__copy:True|standardscaler__with_mean:True|standardscaler__with_std:True|onevsrestclassifier__estimator__base_estimator__C:1.0|onevsrestclassifier__estimator__base_estimator__class_weight:balanced|onevsrestclassifier__estimator__base_estimator__dual:True|onevsrestclassifier__estimator__base_estimator__fit_intercept:True|onevsrestclassifier__estimator__base_estimator__intercept_scaling:1|onevsrestclassifier__estimator__base_estimator__loss:squared_epsilon_insensitive|onevsrestclassifier__estimator__base_estimator__max_iter:1000.0|onevsrestclassifier__estimator__base_estimator__multi_class:ovr|onevsrestclassifier__estimator__base_estimator__penalty:l2|onevsrestclassifier__estimator__base_estimator__random_state:12345|onevsrestclassifier__estimator__base_estimator__tol:0.0001|onevsrestclassifier__estimator__base_estimator__verbose:0|onevsrestclassifier__estimator__base_estimator:LinearSVC(class_weight='balanced', loss='squared_epsilon_insensitive',
          max_iter=1000.0, random_state=12345)|onevsrestclassifier__estimator__cv:5|onevsrestclassifier__estimator__ensemble:True|onevsrestclassifier__estimator__method:sigmoid|onevsrestclassifier__estimator__n_jobs:None|onevsrestclassifier__estimator:CalibratedClassifierCV(base_estimator=LinearSVC(class_weight='balanced',
                                                loss='squared_epsilon_insensitive',
                                                max_iter=1000.0,
                                                random_state=12345),
                       cv=5)|onevsrestclassifier__n_jobs:1",all,Perception,Perception,3,0.010644305250202829,0.021149303584371507,0.015622735343810415,0.018928917747808523,0.019552900247166334,0.04028864510895405,0.1002614022974165,-0.0021763009495058615,0.003919171591100499,0.005721122783627839,0.003131834497020921,0.0009724633067463949,0.0009770424327137726,-0.002990595677097958,0.002605458518307755,0.005541514483091149,0.004292637313606946,-0.0035133188700991807,0.002965357296274423,0.009707186496281916,0.013623572656087116
4,0.6284626658814818,572,same,5,"memory:None|steps:[('standardscaler', StandardScaler()), ('onevsrestclassifier', OneVsRestClassifier(estimator=CalibratedClassifierCV(base_estimator=LinearSVC(class_weight='balanced',
                                                                              loss='squared_epsilon_insensitive',
                                                                              max_iter=1000.0,
                                                                              random_state=12345),
                                                     cv=5),
                    n_jobs=1))]|verbose:False|standardscaler:StandardScaler()|onevsrestclassifier:OneVsRestClassifier(estimator=CalibratedClassifierCV(base_estimator=LinearSVC(class_weight='balanced',
                                                                              loss='squared_epsilon_insensitive',
                                                                              max_iter=1000.0,
                                                                              random_state=12345),
                                                     cv=5),
                    n_jobs=1)|standardscaler__copy:True|standardscaler__with_mean:True|standardscaler__with_std:True|onevsrestclassifier__estimator__base_estimator__C:1.0|onevsrestclassifier__estimator__base_estimator__class_weight:balanced|onevsrestclassifier__estimator__base_estimator__dual:True|onevsrestclassifier__estimator__base_estimator__fit_intercept:True|onevsrestclassifier__estimator__base_estimator__intercept_scaling:1|onevsrestclassifier__estimator__base_estimator__loss:squared_epsilon_insensitive|onevsrestclassifier__estimator__base_estimator__max_iter:1000.0|onevsrestclassifier__estimator__base_estimator__multi_class:ovr|onevsrestclassifier__estimator__base_estimator__penalty:l2|onevsrestclassifier__estimator__base_estimator__random_state:12345|onevsrestclassifier__estimator__base_estimator__tol:0.0001|onevsrestclassifier__estimator__base_estimator__verbose:0|onevsrestclassifier__estimator__base_estimator:LinearSVC(class_weight='balanced', loss='squared_epsilon_insensitive',
          max_iter=1000.0, random_state=12345)|onevsrestclassifier__estimator__cv:5|onevsrestclassifier__estimator__ensemble:True|onevsrestclassifier__estimator__method:sigmoid|onevsrestclassifier__estimator__n_jobs:None|onevsrestclassifier__estimator:CalibratedClassifierCV(base_estimator=LinearSVC(class_weight='balanced',
                                                loss='squared_epsilon_insensitive',
                                                max_iter=1000.0,
                                                random_state=12345),
                       cv=5)|onevsrestclassifier__n_jobs:1",all,Perception,Perception,4,0.009167640704672185,0.02083833227819027,0.014201152288699968,0.014509302728217318,0.018411513150378693,0.039023866245144964,0.0950273199132374,-0.0035684713372420825,0.001141190052303344,-0.0029934707955094828,-0.005248848892496901,-0.0030449608988876616,-0.005350485096478725,-0.007853130030745645,-0.005288095889165501,0.0015218949024392765,-0.0030080018578574506,-0.012718603694356397,-0.0011988490817383482,0.002109941120939808,0.0013169679079282437
4,0.6284626658814818,572,same,5,"memory:None|steps:[('standardscaler', StandardScaler()), ('onevsrestclassifier', OneVsRestClassifier(estimator=CalibratedClassifierCV(base_estimator=LinearSVC(class_weight='balanced',
                                                                              loss='squared_epsilon_insensitive',
                                                                              max_iter=1000.0,
                                                                              random_state=12345),
                                                     cv=5),
                    n_jobs=1))]|verbose:False|standardscaler:StandardScaler()|onevsrestclassifier:OneVsRestClassifier(estimator=CalibratedClassifierCV(base_estimator=LinearSVC(class_weight='balanced',
                                                                              loss='squared_epsilon_insensitive',
                                                                              max_iter=1000.0,
                                                                              random_state=12345),
                                                     cv=5),
                    n_jobs=1)|standardscaler__copy:True|standardscaler__with_mean:True|standardscaler__with_std:True|onevsrestclassifier__estimator__base_estimator__C:1.0|onevsrestclassifier__estimator__base_estimator__class_weight:balanced|onevsrestclassifier__estimator__base_estimator__dual:True|onevsrestclassifier__estimator__base_estimator__fit_intercept:True|onevsrestclassifier__estimator__base_estimator__intercept_scaling:1|onevsrestclassifier__estimator__base_estimator__loss:squared_epsilon_insensitive|onevsrestclassifier__estimator__base_estimator__max_iter:1000.0|onevsrestclassifier__estimator__base_estimator__multi_class:ovr|onevsrestclassifier__estimator__base_estimator__penalty:l2|onevsrestclassifier__estimator__base_estimator__random_state:12345|onevsrestclassifier__estimator__base_estimator__tol:0.0001|onevsrestclassifier__estimator__base_estimator__verbose:0|onevsrestclassifier__estimator__base_estimator:LinearSVC(class_weight='balanced', loss='squared_epsilon_insensitive',
          max_iter=1000.0, random_state=12345)|onevsrestclassifier__estimator__cv:5|onevsrestclassifier__estimator__ensemble:True|onevsrestclassifier__estimator__method:sigmoid|onevsrestclassifier__estimator__n_jobs:None|onevsrestclassifier__estimator:CalibratedClassifierCV(base_estimator=LinearSVC(class_weight='balanced',
                                                loss='squared_epsilon_insensitive',
                                                max_iter=1000.0,
                                                random_state=12345),
                       cv=5)|onevsrestclassifier__n_jobs:1",all,Perception,Perception,5,0.009522120782948267,0.022590638998379854,0.018505890849193102,0.020592622164319698,0.023439807217497183,0.03942016284897069,0.09657782767518133,-0.0025401879386597413,-0.0025526745263073753,-1.5688838909420314e-05,-0.001538677034964736,-0.00187683253323913,-0.005276506409096656,-0.007447551283656303,-0.008233949074746793,-0.0005147049168080703,0.0013094775562398672,-0.013406534300619253,-0.0014676249837768606,0.006682262804277407,0.005918675054135982
5,0.5992223092828106,391,same,6,"memory:None|steps:[('standardscaler', StandardScaler()), ('onevsrestclassifier', OneVsRestClassifier(estimator=CalibratedClassifierCV(base_estimator=LinearSVC(class_weight='balanced',
                                                                              loss='squared_epsilon_insensitive',
                                                                              max_iter=1000.0,
                                                                              random_state=12345),
                                                     cv=5),
                    n_jobs=1))]|verbose:False|standardscaler:StandardScaler()|onevsrestclassifier:OneVsRestClassifier(estimator=CalibratedClassifierCV(base_estimator=LinearSVC(class_weight='balanced',
                                                                              loss='squared_epsilon_insensitive',
                                                                              max_iter=1000.0,
                                                                              random_state=12345),
                                                     cv=5),
                    n_jobs=1)|standardscaler__copy:True|standardscaler__with_mean:True|standardscaler__with_std:True|onevsrestclassifier__estimator__base_estimator__C:1.0|onevsrestclassifier__estimator__base_estimator__class_weight:balanced|onevsrestclassifier__estimator__base_estimator__dual:True|onevsrestclassifier__estimator__base_estimator__fit_intercept:True|onevsrestclassifier__estimator__base_estimator__intercept_scaling:1|onevsrestclassifier__estimator__base_estimator__loss:squared_epsilon_insensitive|onevsrestclassifier__estimator__base_estimator__max_iter:1000.0|onevsrestclassifier__estimator__base_estimator__multi_class:ovr|onevsrestclassifier__estimator__base_estimator__penalty:l2|onevsrestclassifier__estimator__base_estimator__random_state:12345|onevsrestclassifier__estimator__base_estimator__tol:0.0001|onevsrestclassifier__estimator__base_estimator__verbose:0|onevsrestclassifier__estimator__base_estimator:LinearSVC(class_weight='balanced', loss='squared_epsilon_insensitive',
          max_iter=1000.0, random_state=12345)|onevsrestclassifier__estimator__cv:5|onevsrestclassifier__estimator__ensemble:True|onevsrestclassifier__estimator__method:sigmoid|onevsrestclassifier__estimator__n_jobs:None|onevsrestclassifier__estimator:CalibratedClassifierCV(base_estimator=LinearSVC(class_weight='balanced',
                                                loss='squared_epsilon_insensitive',
                                                max_iter=1000.0,
                                                random_state=12345),
                       cv=5)|onevsrestclassifier__n_jobs:1",all,Perception,Perception,1,0.011332226624009694,0.027094194003662555,0.017922455883241355,0.022332159173502945,0.022871381243583823,0.03952175685119736,0.09821845155765209,-0.0005584702461063354,-0.0022953851991333574,-0.001812919576933495,-0.0019783865166049185,-0.0025899109066663695,-0.006595037735259569,-0.005332342400510798,-0.002840116368125546,0.0014258711162436163,-0.0033441471226852773,-0.005322185518594948,-0.006516198546993944,0.005390708910076089,0.0015033950246933
5,0.5992223092828106,391,same,6,"memory:None|steps:[('standardscaler', StandardScaler()), ('onevsrestclassifier', OneVsRestClassifier(estimator=CalibratedClassifierCV(base_estimator=LinearSVC(class_weight='balanced',
                                                                              loss='squared_epsilon_insensitive',
                                                                              max_iter=1000.0,
                                                                              random_state=12345),
                                                     cv=5),
                    n_jobs=1))]|verbose:False|standardscaler:StandardScaler()|onevsrestclassifier:OneVsRestClassifier(estimator=CalibratedClassifierCV(base_estimator=LinearSVC(class_weight='balanced',
                                                                              loss='squared_epsilon_insensitive',
                                                                              max_iter=1000.0,
                                                                              random_state=12345),
                                                     cv=5),
                    n_jobs=1)|standardscaler__copy:True|standardscaler__with_mean:True|standardscaler__with_std:True|onevsrestclassifier__estimator__base_estimator__C:1.0|onevsrestclassifier__estimator__base_estimator__class_weight:balanced|onevsrestclassifier__estimator__base_estimator__dual:True|onevsrestclassifier__estimator__base_estimator__fit_intercept:True|onevsrestclassifier__estimator__base_estimator__intercept_scaling:1|onevsrestclassifier__estimator__base_estimator__loss:squared_epsilon_insensitive|onevsrestclassifier__estimator__base_estimator__max_iter:1000.0|onevsrestclassifier__estimator__base_estimator__multi_class:ovr|onevsrestclassifier__estimator__base_estimator__penalty:l2|onevsrestclassifier__estimator__base_estimator__random_state:12345|onevsrestclassifier__estimator__base_estimator__tol:0.0001|onevsrestclassifier__estimator__base_estimator__verbose:0|onevsrestclassifier__estimator__base_estimator:LinearSVC(class_weight='balanced', loss='squared_epsilon_insensitive',
          max_iter=1000.0, random_state=12345)|onevsrestclassifier__estimator__cv:5|onevsrestclassifier__estimator__ensemble:True|onevsrestclassifier__estimator__method:sigmoid|onevsrestclassifier__estimator__n_jobs:None|onevsrestclassifier__estimator:CalibratedClassifierCV(base_estimator=LinearSVC(class_weight='balanced',
                                                loss='squared_epsilon_insensitive',
                                                max_iter=1000.0,
                                                random_state=12345),
                       cv=5)|onevsrestclassifier__n_jobs:1",all,Perception,Perception,2,0.007714567326680623,0.02105914450914573,0.018811411129595265,0.023520850216558933,0.01986546704932084,0.04248753353474688,0.0930430085113487,-0.006161061866692549,-0.0027530720465028828,-0.0059526158222253335,-0.005299960986276546,-0.005564246845051725,-0.011382863618622245,-0.010534090690126676,-0.005723838805885834,-0.0009757595024349352,-0.007100005809039239,-0.010832548511484673,-0.005401513378230986,0.009282253902815807,0.0037733368476524933
5,0.5992223092828106,391,same,6,"memory:None|steps:[('standardscaler', StandardScaler()), ('onevsrestclassifier', OneVsRestClassifier(estimator=CalibratedClassifierCV(base_estimator=LinearSVC(class_weight='balanced',
                                                                              loss='squared_epsilon_insensitive',
                                                                              max_iter=1000.0,
                                                                              random_state=12345),
                                                     cv=5),
                    n_jobs=1))]|verbose:False|standardscaler:StandardScaler()|onevsrestclassifier:OneVsRestClassifier(estimator=CalibratedClassifierCV(base_estimator=LinearSVC(class_weight='balanced',
                                                                              loss='squared_epsilon_insensitive',
                                                                              max_iter=1000.0,
                                                                              random_state=12345),
                                                     cv=5),
                    n_jobs=1)|standardscaler__copy:True|standardscaler__with_mean:True|standardscaler__with_std:True|onevsrestclassifier__estimator__base_estimator__C:1.0|onevsrestclassifier__estimator__base_estimator__class_weight:balanced|onevsrestclassifier__estimator__base_estimator__dual:True|onevsrestclassifier__estimator__base_estimator__fit_intercept:True|onevsrestclassifier__estimator__base_estimator__intercept_scaling:1|onevsrestclassifier__estimator__base_estimator__loss:squared_epsilon_insensitive|onevsrestclassifier__estimator__base_estimator__max_iter:1000.0|onevsrestclassifier__estimator__base_estimator__multi_class:ovr|onevsrestclassifier__estimator__base_estimator__penalty:l2|onevsrestclassifier__estimator__base_estimator__random_state:12345|onevsrestclassifier__estimator__base_estimator__tol:0.0001|onevsrestclassifier__estimator__base_estimator__verbose:0|onevsrestclassifier__estimator__base_estimator:LinearSVC(class_weight='balanced', loss='squared_epsilon_insensitive',
          max_iter=1000.0, random_state=12345)|onevsrestclassifier__estimator__cv:5|onevsrestclassifier__estimator__ensemble:True|onevsrestclassifier__estimator__method:sigmoid|onevsrestclassifier__estimator__n_jobs:None|onevsrestclassifier__estimator:CalibratedClassifierCV(base_estimator=LinearSVC(class_weight='balanced',
                                                loss='squared_epsilon_insensitive',
                                                max_iter=1000.0,
                                                random_state=12345),
                       cv=5)|onevsrestclassifier__n_jobs:1",all,Perception,Perception,3,0.010143947612021408,0.0187322594181,0.014810607665391166,0.017193335877213105,0.021347562571977535,0.042186124516559606,0.09985631783420405,-0.0007665444639624079,0.0048104817703419345,0.005048553291422255,0.005316165612112639,0.0017455271926779376,0.002614265803851266,-0.0012170951315601704,0.005198963682978127,0.006817998446341562,0.005034737114276488,-0.0039190688197828115,0.002095264775416417,0.014896974618683967,0.015088450116988969
5,0.5992223092828106,391,same,6,"memory:None|steps:[('standardscaler', StandardScaler()), ('onevsrestclassifier', OneVsRestClassifier(estimator=CalibratedClassifierCV(base_estimator=LinearSVC(class_weight='balanced',
                                                                              loss='squared_epsilon_insensitive',
                                                                              max_iter=1000.0,
                                                                              random_state=12345),
                                                     cv=5),
                    n_jobs=1))]|verbose:False|standardscaler:StandardScaler()|onevsrestclassifier:OneVsRestClassifier(estimator=CalibratedClassifierCV(base_estimator=LinearSVC(class_weight='balanced',
                                                                              loss='squared_epsilon_insensitive',
                                                                              max_iter=1000.0,
                                                                              random_state=12345),
                                                     cv=5),
                    n_jobs=1)|standardscaler__copy:True|standardscaler__with_mean:True|standardscaler__with_std:True|onevsrestclassifier__estimator__base_estimator__C:1.0|onevsrestclassifier__estimator__base_estimator__class_weight:balanced|onevsrestclassifier__estimator__base_estimator__dual:True|onevsrestclassifier__estimator__base_estimator__fit_intercept:True|onevsrestclassifier__estimator__base_estimator__intercept_scaling:1|onevsrestclassifier__estimator__base_estimator__loss:squared_epsilon_insensitive|onevsrestclassifier__estimator__base_estimator__max_iter:1000.0|onevsrestclassifier__estimator__base_estimator__multi_class:ovr|onevsrestclassifier__estimator__base_estimator__penalty:l2|onevsrestclassifier__estimator__base_estimator__random_state:12345|onevsrestclassifier__estimator__base_estimator__tol:0.0001|onevsrestclassifier__estimator__base_estimator__verbose:0|onevsrestclassifier__estimator__base_estimator:LinearSVC(class_weight='balanced', loss='squared_epsilon_insensitive',
          max_iter=1000.0, random_state=12345)|onevsrestclassifier__estimator__cv:5|onevsrestclassifier__estimator__ensemble:True|onevsrestclassifier__estimator__method:sigmoid|onevsrestclassifier__estimator__n_jobs:None|onevsrestclassifier__estimator:CalibratedClassifierCV(base_estimator=LinearSVC(class_weight='balanced',
                                                loss='squared_epsilon_insensitive',
                                                max_iter=1000.0,
                                                random_state=12345),
                       cv=5)|onevsrestclassifier__n_jobs:1",all,Perception,Perception,4,0.011239795573497342,0.02126651470184747,0.01537627601604861,0.014788252382268182,0.021633965282143654,0.040122405189941854,0.0959533370036052,-0.003143620923563872,0.0005739490215202077,-0.0036205776614237927,-0.0038008376932942944,-0.0043567173718949016,-0.0033175670908756707,-0.007858333184407063,-0.0029721882119508715,0.0029189946560499004,-0.003241800008661531,-0.011549071212653533,-0.0022092082049525964,0.005196677969800789,0.0023555829056334525
5,0.5992223092828106,391,same,6,"memory:None|steps:[('standardscaler', StandardScaler()), ('onevsrestclassifier', OneVsRestClassifier(estimator=CalibratedClassifierCV(base_estimator=LinearSVC(class_weight='balanced',
                                                                              loss='squared_epsilon_insensitive',
                                                                              max_iter=1000.0,
                                                                              random_state=12345),
                                                     cv=5),
                    n_jobs=1))]|verbose:False|standardscaler:StandardScaler()|onevsrestclassifier:OneVsRestClassifier(estimator=CalibratedClassifierCV(base_estimator=LinearSVC(class_weight='balanced',
                                                                              loss='squared_epsilon_insensitive',
                                                                              max_iter=1000.0,
                                                                              random_state=12345),
                                                     cv=5),
                    n_jobs=1)|standardscaler__copy:True|standardscaler__with_mean:True|standardscaler__with_std:True|onevsrestclassifier__estimator__base_estimator__C:1.0|onevsrestclassifier__estimator__base_estimator__class_weight:balanced|onevsrestclassifier__estimator__base_estimator__dual:True|onevsrestclassifier__estimator__base_estimator__fit_intercept:True|onevsrestclassifier__estimator__base_estimator__intercept_scaling:1|onevsrestclassifier__estimator__base_estimator__loss:squared_epsilon_insensitive|onevsrestclassifier__estimator__base_estimator__max_iter:1000.0|onevsrestclassifier__estimator__base_estimator__multi_class:ovr|onevsrestclassifier__estimator__base_estimator__penalty:l2|onevsrestclassifier__estimator__base_estimator__random_state:12345|onevsrestclassifier__estimator__base_estimator__tol:0.0001|onevsrestclassifier__estimator__base_estimator__verbose:0|onevsrestclassifier__estimator__base_estimator:LinearSVC(class_weight='balanced', loss='squared_epsilon_insensitive',
          max_iter=1000.0, random_state=12345)|onevsrestclassifier__estimator__cv:5|onevsrestclassifier__estimator__ensemble:True|onevsrestclassifier__estimator__method:sigmoid|onevsrestclassifier__estimator__n_jobs:None|onevsrestclassifier__estimator:CalibratedClassifierCV(base_estimator=LinearSVC(class_weight='balanced',
                                                loss='squared_epsilon_insensitive',
                                                max_iter=1000.0,
                                                random_state=12345),
                       cv=5)|onevsrestclassifier__n_jobs:1",all,Perception,Perception,5,0.010062852666982569,0.02140851105007636,0.01871068834722541,0.01952514264772237,0.025595029722657318,0.040695920494673785,0.09638749330210766,-0.0018193868344314724,-0.0019839515952265493,-0.0005131815326281127,0.0002573389453457748,-0.002474179764718254,-0.004241612900395978,-0.007147823467272569,-0.006058654647398411,0.0008762194221813117,0.0010139576852355341,-0.013655680925223186,-0.003198161581356801,0.009457936491515271,0.006247762961983093
6,0.6042424040463058,513,same,7,"memory:None|steps:[('standardscaler', StandardScaler()), ('onevsrestclassifier', OneVsRestClassifier(estimator=CalibratedClassifierCV(base_estimator=LinearSVC(class_weight='balanced',
                                                                              loss='squared_epsilon_insensitive',
                                                                              max_iter=1000.0,
                                                                              random_state=12345),
                                                     cv=5),
                    n_jobs=1))]|verbose:False|standardscaler:StandardScaler()|onevsrestclassifier:OneVsRestClassifier(estimator=CalibratedClassifierCV(base_estimator=LinearSVC(class_weight='balanced',
                                                                              loss='squared_epsilon_insensitive',
                                                                              max_iter=1000.0,
                                                                              random_state=12345),
                                                     cv=5),
                    n_jobs=1)|standardscaler__copy:True|standardscaler__with_mean:True|standardscaler__with_std:True|onevsrestclassifier__estimator__base_estimator__C:1.0|onevsrestclassifier__estimator__base_estimator__class_weight:balanced|onevsrestclassifier__estimator__base_estimator__dual:True|onevsrestclassifier__estimator__base_estimator__fit_intercept:True|onevsrestclassifier__estimator__base_estimator__intercept_scaling:1|onevsrestclassifier__estimator__base_estimator__loss:squared_epsilon_insensitive|onevsrestclassifier__estimator__base_estimator__max_iter:1000.0|onevsrestclassifier__estimator__base_estimator__multi_class:ovr|onevsrestclassifier__estimator__base_estimator__penalty:l2|onevsrestclassifier__estimator__base_estimator__random_state:12345|onevsrestclassifier__estimator__base_estimator__tol:0.0001|onevsrestclassifier__estimator__base_estimator__verbose:0|onevsrestclassifier__estimator__base_estimator:LinearSVC(class_weight='balanced', loss='squared_epsilon_insensitive',
          max_iter=1000.0, random_state=12345)|onevsrestclassifier__estimator__cv:5|onevsrestclassifier__estimator__ensemble:True|onevsrestclassifier__estimator__method:sigmoid|onevsrestclassifier__estimator__n_jobs:None|onevsrestclassifier__estimator:CalibratedClassifierCV(base_estimator=LinearSVC(class_weight='balanced',
                                                loss='squared_epsilon_insensitive',
                                                max_iter=1000.0,
                                                random_state=12345),
                       cv=5)|onevsrestclassifier__n_jobs:1",all,Perception,Perception,1,0.011327626089737235,0.025994528922258744,0.019585479302924435,0.025712323980014714,0.02442231708994732,0.040516683976079264,0.09423236847155433,-0.00023025646810113926,-0.001921656069770235,-0.0015044738342885752,-0.0023902526829107863,-0.0037110469075527894,-0.0077071615381614274,-0.004163179112775171,-0.003581685522209442,-0.0016262076660136576,-0.0017961836006458144,-0.004952626083466363,-0.0051250077555322435,0.0029519045617588304,-0.0016075984560591464
6,0.6042424040463058,513,same,7,"memory:None|steps:[('standardscaler', StandardScaler()), ('onevsrestclassifier', OneVsRestClassifier(estimator=CalibratedClassifierCV(base_estimator=LinearSVC(class_weight='balanced',
                                                                              loss='squared_epsilon_insensitive',
                                                                              max_iter=1000.0,
                                                                              random_state=12345),
                                                     cv=5),
                    n_jobs=1))]|verbose:False|standardscaler:StandardScaler()|onevsrestclassifier:OneVsRestClassifier(estimator=CalibratedClassifierCV(base_estimator=LinearSVC(class_weight='balanced',
                                                                              loss='squared_epsilon_insensitive',
                                                                              max_iter=1000.0,
                                                                              random_state=12345),
                                                     cv=5),
                    n_jobs=1)|standardscaler__copy:True|standardscaler__with_mean:True|standardscaler__with_std:True|onevsrestclassifier__estimator__base_estimator__C:1.0|onevsrestclassifier__estimator__base_estimator__class_weight:balanced|onevsrestclassifier__estimator__base_estimator__dual:True|onevsrestclassifier__estimator__base_estimator__fit_intercept:True|onevsrestclassifier__estimator__base_estimator__intercept_scaling:1|onevsrestclassifier__estimator__base_estimator__loss:squared_epsilon_insensitive|onevsrestclassifier__estimator__base_estimator__max_iter:1000.0|onevsrestclassifier__estimator__base_estimator__multi_class:ovr|onevsrestclassifier__estimator__base_estimator__penalty:l2|onevsrestclassifier__estimator__base_estimator__random_state:12345|onevsrestclassifier__estimator__base_estimator__tol:0.0001|onevsrestclassifier__estimator__base_estimator__verbose:0|onevsrestclassifier__estimator__base_estimator:LinearSVC(class_weight='balanced', loss='squared_epsilon_insensitive',
          max_iter=1000.0, random_state=12345)|onevsrestclassifier__estimator__cv:5|onevsrestclassifier__estimator__ensemble:True|onevsrestclassifier__estimator__method:sigmoid|onevsrestclassifier__estimator__n_jobs:None|onevsrestclassifier__estimator:CalibratedClassifierCV(base_estimator=LinearSVC(class_weight='balanced',
                                                loss='squared_epsilon_insensitive',
                                                max_iter=1000.0,
                                                random_state=12345),
                       cv=5)|onevsrestclassifier__n_jobs:1",all,Perception,Perception,2,0.007073956344854239,0.020858131808496,0.01893872597063036,0.023767887483765043,0.018782287854964094,0.04245397793994887,0.09285056293896461,-0.005868573104652376,-0.0036732240137829753,-0.0068282384955145265,-0.005514007417675982,-0.0050647461524732,-0.01174550079697356,-0.010616471472918415,-0.005598149190169853,-0.000570007710025822,-0.006922166803489807,-0.010638881839925913,-0.005325881871367842,0.009471589372260154,0.004374577095798869
6,0.6042424040463058,513,same,7,"memory:None|steps:[('standardscaler', StandardScaler()), ('onevsrestclassifier', OneVsRestClassifier(estimator=CalibratedClassifierCV(base_estimator=LinearSVC(class_weight='balanced',
                                                                              loss='squared_epsilon_insensitive',
                                                                              max_iter=1000.0,
                                                                              random_state=12345),
                                                     cv=5),
                    n_jobs=1))]|verbose:False|standardscaler:StandardScaler()|onevsrestclassifier:OneVsRestClassifier(estimator=CalibratedClassifierCV(base_estimator=LinearSVC(class_weight='balanced',
                                                                              loss='squared_epsilon_insensitive',
                                                                              max_iter=1000.0,
                                                                              random_state=12345),
                                                     cv=5),
                    n_jobs=1)|standardscaler__copy:True|standardscaler__with_mean:True|standardscaler__with_std:True|onevsrestclassifier__estimator__base_estimator__C:1.0|onevsrestclassifier__estimator__base_estimator__class_weight:balanced|onevsrestclassifier__estimator__base_estimator__dual:True|onevsrestclassifier__estimator__base_estimator__fit_intercept:True|onevsrestclassifier__estimator__base_estimator__intercept_scaling:1|onevsrestclassifier__estimator__base_estimator__loss:squared_epsilon_insensitive|onevsrestclassifier__estimator__base_estimator__max_iter:1000.0|onevsrestclassifier__estimator__base_estimator__multi_class:ovr|onevsrestclassifier__estimator__base_estimator__penalty:l2|onevsrestclassifier__estimator__base_estimator__random_state:12345|onevsrestclassifier__estimator__base_estimator__tol:0.0001|onevsrestclassifier__estimator__base_estimator__verbose:0|onevsrestclassifier__estimator__base_estimator:LinearSVC(class_weight='balanced', loss='squared_epsilon_insensitive',
          max_iter=1000.0, random_state=12345)|onevsrestclassifier__estimator__cv:5|onevsrestclassifier__estimator__ensemble:True|onevsrestclassifier__estimator__method:sigmoid|onevsrestclassifier__estimator__n_jobs:None|onevsrestclassifier__estimator:CalibratedClassifierCV(base_estimator=LinearSVC(class_weight='balanced',
                                                loss='squared_epsilon_insensitive',
                                                max_iter=1000.0,
                                                random_state=12345),
                       cv=5)|onevsrestclassifier__n_jobs:1",all,Perception,Perception,3,0.010819167940019579,0.018695412804337196,0.017459741993757282,0.021758686987781543,0.022423645185502612,0.042954854636991384,0.09627526504041628,2.9663394496852042e-05,0.004381427812181408,0.005373212435178259,0.004245181758895668,0.00048662086807661715,0.000999681366868589,-0.0013605549776048221,0.0038491914603972703,0.003179902038381224,0.005317089960217891,-0.0025552156629049536,0.00255659212896916,0.01031757841568146,0.010812710884195373
6,0.6042424040463058,513,same,7,"memory:None|steps:[('standardscaler', StandardScaler()), ('onevsrestclassifier', OneVsRestClassifier(estimator=CalibratedClassifierCV(base_estimator=LinearSVC(class_weight='balanced',
                                                                              loss='squared_epsilon_insensitive',
                                                                              max_iter=1000.0,
                                                                              random_state=12345),
                                                     cv=5),
                    n_jobs=1))]|verbose:False|standardscaler:StandardScaler()|onevsrestclassifier:OneVsRestClassifier(estimator=CalibratedClassifierCV(base_estimator=LinearSVC(class_weight='balanced',
                                                                              loss='squared_epsilon_insensitive',
                                                                              max_iter=1000.0,
                                                                              random_state=12345),
                                                     cv=5),
                    n_jobs=1)|standardscaler__copy:True|standardscaler__with_mean:True|standardscaler__with_std:True|onevsrestclassifier__estimator__base_estimator__C:1.0|onevsrestclassifier__estimator__base_estimator__class_weight:balanced|onevsrestclassifier__estimator__base_estimator__dual:True|onevsrestclassifier__estimator__base_estimator__fit_intercept:True|onevsrestclassifier__estimator__base_estimator__intercept_scaling:1|onevsrestclassifier__estimator__base_estimator__loss:squared_epsilon_insensitive|onevsrestclassifier__estimator__base_estimator__max_iter:1000.0|onevsrestclassifier__estimator__base_estimator__multi_class:ovr|onevsrestclassifier__estimator__base_estimator__penalty:l2|onevsrestclassifier__estimator__base_estimator__random_state:12345|onevsrestclassifier__estimator__base_estimator__tol:0.0001|onevsrestclassifier__estimator__base_estimator__verbose:0|onevsrestclassifier__estimator__base_estimator:LinearSVC(class_weight='balanced', loss='squared_epsilon_insensitive',
          max_iter=1000.0, random_state=12345)|onevsrestclassifier__estimator__cv:5|onevsrestclassifier__estimator__ensemble:True|onevsrestclassifier__estimator__method:sigmoid|onevsrestclassifier__estimator__n_jobs:None|onevsrestclassifier__estimator:CalibratedClassifierCV(base_estimator=LinearSVC(class_weight='balanced',
                                                loss='squared_epsilon_insensitive',
                                                max_iter=1000.0,
                                                random_state=12345),
                       cv=5)|onevsrestclassifier__n_jobs:1",all,Perception,Perception,4,0.010274156016310373,0.019513542831675577,0.016925149158174255,0.017464561510379655,0.022168656439764838,0.04186498973666038,0.09216502868122768,-0.0012683053813455877,0.0015320658162571077,-0.0038991956717631376,-0.003541212876319233,-0.004557175129106387,-0.005197832549725236,-0.0063323732416505595,-0.004196004752392913,6.743107926931676e-05,-0.0021071777992069628,-0.011456092618716832,-0.0007015204638928231,0.002854966794720008,-0.0005895913706190932
6,0.6042424040463058,513,same,7,"memory:None|steps:[('standardscaler', StandardScaler()), ('onevsrestclassifier', OneVsRestClassifier(estimator=CalibratedClassifierCV(base_estimator=LinearSVC(class_weight='balanced',
                                                                              loss='squared_epsilon_insensitive',
                                                                              max_iter=1000.0,
                                                                              random_state=12345),
                                                     cv=5),
                    n_jobs=1))]|verbose:False|standardscaler:StandardScaler()|onevsrestclassifier:OneVsRestClassifier(estimator=CalibratedClassifierCV(base_estimator=LinearSVC(class_weight='balanced',
                                                                              loss='squared_epsilon_insensitive',
                                                                              max_iter=1000.0,
                                                                              random_state=12345),
                                                     cv=5),
                    n_jobs=1)|standardscaler__copy:True|standardscaler__with_mean:True|standardscaler__with_std:True|onevsrestclassifier__estimator__base_estimator__C:1.0|onevsrestclassifier__estimator__base_estimator__class_weight:balanced|onevsrestclassifier__estimator__base_estimator__dual:True|onevsrestclassifier__estimator__base_estimator__fit_intercept:True|onevsrestclassifier__estimator__base_estimator__intercept_scaling:1|onevsrestclassifier__estimator__base_estimator__loss:squared_epsilon_insensitive|onevsrestclassifier__estimator__base_estimator__max_iter:1000.0|onevsrestclassifier__estimator__base_estimator__multi_class:ovr|onevsrestclassifier__estimator__base_estimator__penalty:l2|onevsrestclassifier__estimator__base_estimator__random_state:12345|onevsrestclassifier__estimator__base_estimator__tol:0.0001|onevsrestclassifier__estimator__base_estimator__verbose:0|onevsrestclassifier__estimator__base_estimator:LinearSVC(class_weight='balanced', loss='squared_epsilon_insensitive',
          max_iter=1000.0, random_state=12345)|onevsrestclassifier__estimator__cv:5|onevsrestclassifier__estimator__ensemble:True|onevsrestclassifier__estimator__method:sigmoid|onevsrestclassifier__estimator__n_jobs:None|onevsrestclassifier__estimator:CalibratedClassifierCV(base_estimator=LinearSVC(class_weight='balanced',
                                                loss='squared_epsilon_insensitive',
                                                max_iter=1000.0,
                                                random_state=12345),
                       cv=5)|onevsrestclassifier__n_jobs:1",all,Perception,Perception,5,0.009955142604204825,0.020853064730205366,0.021010966716074293,0.0235595396643531,0.02680185019506745,0.042335685092552096,0.0930183772986958,-0.0009028561019031393,-0.0021263283727821405,-0.0007702048256935293,-0.0006507080583988564,-0.0032606974138727996,-0.005373156814306187,-0.006288983027461866,-0.006770640830397756,-0.002292708754408851,0.0026137947985852747,-0.01247211859581352,-0.0017448876816505516,0.0075899002975982535,0.0039206626510337236
7,0.6225575538815795,428,same,8,"memory:None|steps:[('standardscaler', StandardScaler()), ('onevsrestclassifier', OneVsRestClassifier(estimator=CalibratedClassifierCV(base_estimator=LinearSVC(class_weight='balanced',
                                                                              loss='squared_epsilon_insensitive',
                                                                              max_iter=1000.0,
                                                                              random_state=12345),
                                                     cv=5),
                    n_jobs=1))]|verbose:False|standardscaler:StandardScaler()|onevsrestclassifier:OneVsRestClassifier(estimator=CalibratedClassifierCV(base_estimator=LinearSVC(class_weight='balanced',
                                                                              loss='squared_epsilon_insensitive',
                                                                              max_iter=1000.0,
                                                                              random_state=12345),
                                                     cv=5),
                    n_jobs=1)|standardscaler__copy:True|standardscaler__with_mean:True|standardscaler__with_std:True|onevsrestclassifier__estimator__base_estimator__C:1.0|onevsrestclassifier__estimator__base_estimator__class_weight:balanced|onevsrestclassifier__estimator__base_estimator__dual:True|onevsrestclassifier__estimator__base_estimator__fit_intercept:True|onevsrestclassifier__estimator__base_estimator__intercept_scaling:1|onevsrestclassifier__estimator__base_estimator__loss:squared_epsilon_insensitive|onevsrestclassifier__estimator__base_estimator__max_iter:1000.0|onevsrestclassifier__estimator__base_estimator__multi_class:ovr|onevsrestclassifier__estimator__base_estimator__penalty:l2|onevsrestclassifier__estimator__base_estimator__random_state:12345|onevsrestclassifier__estimator__base_estimator__tol:0.0001|onevsrestclassifier__estimator__base_estimator__verbose:0|onevsrestclassifier__estimator__base_estimator:LinearSVC(class_weight='balanced', loss='squared_epsilon_insensitive',
          max_iter=1000.0, random_state=12345)|onevsrestclassifier__estimator__cv:5|onevsrestclassifier__estimator__ensemble:True|onevsrestclassifier__estimator__method:sigmoid|onevsrestclassifier__estimator__n_jobs:None|onevsrestclassifier__estimator:CalibratedClassifierCV(base_estimator=LinearSVC(class_weight='balanced',
                                                loss='squared_epsilon_insensitive',
                                                max_iter=1000.0,
                                                random_state=12345),
                       cv=5)|onevsrestclassifier__n_jobs:1",all,Perception,Perception,1,0.011722070015958293,0.028234776750565002,0.016935344801334885,0.021285366537200166,0.024037132970402105,0.03972131772380961,0.09800426447026812,-0.00039476929867378785,-0.002970898188567016,-0.0019187114630490546,-0.002900832245484921,-0.006553151128679608,-0.010337636932596646,-0.007100196848534316,-0.0018249285388069352,-7.950660085113863e-05,-0.003227921267948728,-0.004909259097684091,-0.003315081082707593,0.0038271674563498566,-6.521355085239656e-05
7,0.6225575538815795,428,same,8,"memory:None|steps:[('standardscaler', StandardScaler()), ('onevsrestclassifier', OneVsRestClassifier(estimator=CalibratedClassifierCV(base_estimator=LinearSVC(class_weight='balanced',
                                                                              loss='squared_epsilon_insensitive',
                                                                              max_iter=1000.0,
                                                                              random_state=12345),
                                                     cv=5),
                    n_jobs=1))]|verbose:False|standardscaler:StandardScaler()|onevsrestclassifier:OneVsRestClassifier(estimator=CalibratedClassifierCV(base_estimator=LinearSVC(class_weight='balanced',
                                                                              loss='squared_epsilon_insensitive',
                                                                              max_iter=1000.0,
                                                                              random_state=12345),
                                                     cv=5),
                    n_jobs=1)|standardscaler__copy:True|standardscaler__with_mean:True|standardscaler__with_std:True|onevsrestclassifier__estimator__base_estimator__C:1.0|onevsrestclassifier__estimator__base_estimator__class_weight:balanced|onevsrestclassifier__estimator__base_estimator__dual:True|onevsrestclassifier__estimator__base_estimator__fit_intercept:True|onevsrestclassifier__estimator__base_estimator__intercept_scaling:1|onevsrestclassifier__estimator__base_estimator__loss:squared_epsilon_insensitive|onevsrestclassifier__estimator__base_estimator__max_iter:1000.0|onevsrestclassifier__estimator__base_estimator__multi_class:ovr|onevsrestclassifier__estimator__base_estimator__penalty:l2|onevsrestclassifier__estimator__base_estimator__random_state:12345|onevsrestclassifier__estimator__base_estimator__tol:0.0001|onevsrestclassifier__estimator__base_estimator__verbose:0|onevsrestclassifier__estimator__base_estimator:LinearSVC(class_weight='balanced', loss='squared_epsilon_insensitive',
          max_iter=1000.0, random_state=12345)|onevsrestclassifier__estimator__cv:5|onevsrestclassifier__estimator__ensemble:True|onevsrestclassifier__estimator__method:sigmoid|onevsrestclassifier__estimator__n_jobs:None|onevsrestclassifier__estimator:CalibratedClassifierCV(base_estimator=LinearSVC(class_weight='balanced',
                                                loss='squared_epsilon_insensitive',
                                                max_iter=1000.0,
                                                random_state=12345),
                       cv=5)|onevsrestclassifier__n_jobs:1",all,Perception,Perception,2,0.0075268048352646645,0.02099158768791768,0.01892440773440999,0.023647640142032404,0.019802606511981242,0.042700819261420775,0.09340537700785313,-0.005760197569969227,-0.002626844918664824,-0.006060197839868282,-0.00540872837562602,-0.005275321635747814,-0.011429174368699993,-0.010618315594774622,-0.005803949243819605,-0.0010024146943768493,-0.007188779028011391,-0.010946102963986038,-0.0054866978898995035,0.009478560319247105,0.0038595879662668532
7,0.6225575538815795,428,same,8,"memory:None|steps:[('standardscaler', StandardScaler()), ('onevsrestclassifier', OneVsRestClassifier(estimator=CalibratedClassifierCV(base_estimator=LinearSVC(class_weight='balanced',
                                                                              loss='squared_epsilon_insensitive',
                                                                              max_iter=1000.0,
                                                                              random_state=12345),
                                                     cv=5),
                    n_jobs=1))]|verbose:False|standardscaler:StandardScaler()|onevsrestclassifier:OneVsRestClassifier(estimator=CalibratedClassifierCV(base_estimator=LinearSVC(class_weight='balanced',
                                                                              loss='squared_epsilon_insensitive',
                                                                              max_iter=1000.0,
                                                                              random_state=12345),
                                                     cv=5),
                    n_jobs=1)|standardscaler__copy:True|standardscaler__with_mean:True|standardscaler__with_std:True|onevsrestclassifier__estimator__base_estimator__C:1.0|onevsrestclassifier__estimator__base_estimator__class_weight:balanced|onevsrestclassifier__estimator__base_estimator__dual:True|onevsrestclassifier__estimator__base_estimator__fit_intercept:True|onevsrestclassifier__estimator__base_estimator__intercept_scaling:1|onevsrestclassifier__estimator__base_estimator__loss:squared_epsilon_insensitive|onevsrestclassifier__estimator__base_estimator__max_iter:1000.0|onevsrestclassifier__estimator__base_estimator__multi_class:ovr|onevsrestclassifier__estimator__base_estimator__penalty:l2|onevsrestclassifier__estimator__base_estimator__random_state:12345|onevsrestclassifier__estimator__base_estimator__tol:0.0001|onevsrestclassifier__estimator__base_estimator__verbose:0|onevsrestclassifier__estimator__base_estimator:LinearSVC(class_weight='balanced', loss='squared_epsilon_insensitive',
          max_iter=1000.0, random_state=12345)|onevsrestclassifier__estimator__cv:5|onevsrestclassifier__estimator__ensemble:True|onevsrestclassifier__estimator__method:sigmoid|onevsrestclassifier__estimator__n_jobs:None|onevsrestclassifier__estimator:CalibratedClassifierCV(base_estimator=LinearSVC(class_weight='balanced',
                                                loss='squared_epsilon_insensitive',
                                                max_iter=1000.0,
                                                random_state=12345),
                       cv=5)|onevsrestclassifier__n_jobs:1",all,Perception,Perception,3,0.010601130167962276,0.020166542650661333,0.013952718512300968,0.016508285783535952,0.02278019829364125,0.04230191139217222,0.09961754455516854,-0.0015985754635940027,0.003083590270352305,0.003954254846711292,0.0035621993663214535,-0.003066430026994125,-0.0020629899746324185,-0.0045241145084691575,0.005839763299436516,0.005223860490200484,0.004678396808254674,-0.003649175970493082,0.004512430696228152,0.01270296184200787,0.012140817498164192
7,0.6225575538815795,428,same,8,"memory:None|steps:[('standardscaler', StandardScaler()), ('onevsrestclassifier', OneVsRestClassifier(estimator=CalibratedClassifierCV(base_estimator=LinearSVC(class_weight='balanced',
                                                                              loss='squared_epsilon_insensitive',
                                                                              max_iter=1000.0,
                                                                              random_state=12345),
                                                     cv=5),
                    n_jobs=1))]|verbose:False|standardscaler:StandardScaler()|onevsrestclassifier:OneVsRestClassifier(estimator=CalibratedClassifierCV(base_estimator=LinearSVC(class_weight='balanced',
                                                                              loss='squared_epsilon_insensitive',
                                                                              max_iter=1000.0,
                                                                              random_state=12345),
                                                     cv=5),
                    n_jobs=1)|standardscaler__copy:True|standardscaler__with_mean:True|standardscaler__with_std:True|onevsrestclassifier__estimator__base_estimator__C:1.0|onevsrestclassifier__estimator__base_estimator__class_weight:balanced|onevsrestclassifier__estimator__base_estimator__dual:True|onevsrestclassifier__estimator__base_estimator__fit_intercept:True|onevsrestclassifier__estimator__base_estimator__intercept_scaling:1|onevsrestclassifier__estimator__base_estimator__loss:squared_epsilon_insensitive|onevsrestclassifier__estimator__base_estimator__max_iter:1000.0|onevsrestclassifier__estimator__base_estimator__multi_class:ovr|onevsrestclassifier__estimator__base_estimator__penalty:l2|onevsrestclassifier__estimator__base_estimator__random_state:12345|onevsrestclassifier__estimator__base_estimator__tol:0.0001|onevsrestclassifier__estimator__base_estimator__verbose:0|onevsrestclassifier__estimator__base_estimator:LinearSVC(class_weight='balanced', loss='squared_epsilon_insensitive',
          max_iter=1000.0, random_state=12345)|onevsrestclassifier__estimator__cv:5|onevsrestclassifier__estimator__ensemble:True|onevsrestclassifier__estimator__method:sigmoid|onevsrestclassifier__estimator__n_jobs:None|onevsrestclassifier__estimator:CalibratedClassifierCV(base_estimator=LinearSVC(class_weight='balanced',
                                                loss='squared_epsilon_insensitive',
                                                max_iter=1000.0,
                                                random_state=12345),
                       cv=5)|onevsrestclassifier__n_jobs:1",all,Perception,Perception,4,0.011685837514854266,0.02241112802760103,0.014427876280443515,0.013812875065353919,0.022626668185863202,0.04042163293471476,0.09562630262685887,-0.0026566690141338637,-0.0004057061604010715,-0.0043030197479565525,-0.0054266716462873284,-0.00846793132044363,-0.008122975471842401,-0.010187155500108104,-0.001831976371794554,0.0013019464558242536,-0.0036314244771982153,-0.010993072227701963,0.000805677101648824,0.003461447063739838,0.0002990667146228457
7,0.6225575538815795,428,same,8,"memory:None|steps:[('standardscaler', StandardScaler()), ('onevsrestclassifier', OneVsRestClassifier(estimator=CalibratedClassifierCV(base_estimator=LinearSVC(class_weight='balanced',
                                                                              loss='squared_epsilon_insensitive',
                                                                              max_iter=1000.0,
                                                                              random_state=12345),
                                                     cv=5),
                    n_jobs=1))]|verbose:False|standardscaler:StandardScaler()|onevsrestclassifier:OneVsRestClassifier(estimator=CalibratedClassifierCV(base_estimator=LinearSVC(class_weight='balanced',
                                                                              loss='squared_epsilon_insensitive',
                                                                              max_iter=1000.0,
                                                                              random_state=12345),
                                                     cv=5),
                    n_jobs=1)|standardscaler__copy:True|standardscaler__with_mean:True|standardscaler__with_std:True|onevsrestclassifier__estimator__base_estimator__C:1.0|onevsrestclassifier__estimator__base_estimator__class_weight:balanced|onevsrestclassifier__estimator__base_estimator__dual:True|onevsrestclassifier__estimator__base_estimator__fit_intercept:True|onevsrestclassifier__estimator__base_estimator__intercept_scaling:1|onevsrestclassifier__estimator__base_estimator__loss:squared_epsilon_insensitive|onevsrestclassifier__estimator__base_estimator__max_iter:1000.0|onevsrestclassifier__estimator__base_estimator__multi_class:ovr|onevsrestclassifier__estimator__base_estimator__penalty:l2|onevsrestclassifier__estimator__base_estimator__random_state:12345|onevsrestclassifier__estimator__base_estimator__tol:0.0001|onevsrestclassifier__estimator__base_estimator__verbose:0|onevsrestclassifier__estimator__base_estimator:LinearSVC(class_weight='balanced', loss='squared_epsilon_insensitive',
          max_iter=1000.0, random_state=12345)|onevsrestclassifier__estimator__cv:5|onevsrestclassifier__estimator__ensemble:True|onevsrestclassifier__estimator__method:sigmoid|onevsrestclassifier__estimator__n_jobs:None|onevsrestclassifier__estimator:CalibratedClassifierCV(base_estimator=LinearSVC(class_weight='balanced',
                                                loss='squared_epsilon_insensitive',
                                                max_iter=1000.0,
                                                random_state=12345),
                       cv=5)|onevsrestclassifier__n_jobs:1",all,Perception,Perception,5,0.0105404757605151,0.022469914846156944,0.017897675534802003,0.018676156489168833,0.026826558888178767,0.04090534188162038,0.09640877066815115,-0.0016769958444049196,-0.002837933533419867,-0.0006798250862181269,-0.0008569828326838271,-0.006332488093764832,-0.00792211280944904,-0.009252697038139274,-0.0050884707328263164,-0.0010144238891176274,0.0011226684627538123,-0.01287211834919612,-0.00017968047797596665,0.008092388807369897,0.004366403160072838
8,0.6247912731919503,479,same,9,"memory:None|steps:[('standardscaler', StandardScaler()), ('onevsrestclassifier', OneVsRestClassifier(estimator=CalibratedClassifierCV(base_estimator=LinearSVC(C=10.0,
                                                                              class_weight='balanced',
                                                                              loss='squared_epsilon_insensitive',
                                                                              max_iter=1000.0,
                                                                              random_state=12345),
                                                     cv=5),
                    n_jobs=1))]|verbose:False|standardscaler:StandardScaler()|onevsrestclassifier:OneVsRestClassifier(estimator=CalibratedClassifierCV(base_estimator=LinearSVC(C=10.0,
                                                                              class_weight='balanced',
                                                                              loss='squared_epsilon_insensitive',
                                                                              max_iter=1000.0,
                                                                              random_state=12345),
                                                     cv=5),
                    n_jobs=1)|standardscaler__copy:True|standardscaler__with_mean:True|standardscaler__with_std:True|onevsrestclassifier__estimator__base_estimator__C:10.0|onevsrestclassifier__estimator__base_estimator__class_weight:balanced|onevsrestclassifier__estimator__base_estimator__dual:True|onevsrestclassifier__estimator__base_estimator__fit_intercept:True|onevsrestclassifier__estimator__base_estimator__intercept_scaling:1|onevsrestclassifier__estimator__base_estimator__loss:squared_epsilon_insensitive|onevsrestclassifier__estimator__base_estimator__max_iter:1000.0|onevsrestclassifier__estimator__base_estimator__multi_class:ovr|onevsrestclassifier__estimator__base_estimator__penalty:l2|onevsrestclassifier__estimator__base_estimator__random_state:12345|onevsrestclassifier__estimator__base_estimator__tol:0.0001|onevsrestclassifier__estimator__base_estimator__verbose:0|onevsrestclassifier__estimator__base_estimator:LinearSVC(C=10.0, class_weight='balanced', loss='squared_epsilon_insensitive',
          max_iter=1000.0, random_state=12345)|onevsrestclassifier__estimator__cv:5|onevsrestclassifier__estimator__ensemble:True|onevsrestclassifier__estimator__method:sigmoid|onevsrestclassifier__estimator__n_jobs:None|onevsrestclassifier__estimator:CalibratedClassifierCV(base_estimator=LinearSVC(C=10.0, class_weight='balanced',
                                                loss='squared_epsilon_insensitive',
                                                max_iter=1000.0,
                                                random_state=12345),
                       cv=5)|onevsrestclassifier__n_jobs:1",all,Perception,Perception,1,0.021719214620978606,0.015620284043368548,0.016160402656431407,0.003718491130221155,0.037919808252459775,0.03417942074902646,0.08366733988514614,0.0003623184124054738,-0.018781687043335216,-0.012381864235175377,0.003754451902057856,0.0027061160510424963,-0.021743726927811485,-0.0016008307008543701,-0.017681797058726686,0.010592259014751429,0.019644383942899708,0.006790819955290543,-0.0066483354994228295,0.00804424826604294,0.010042638913365674
8,0.6247912731919503,479,same,9,"memory:None|steps:[('standardscaler', StandardScaler()), ('onevsrestclassifier', OneVsRestClassifier(estimator=CalibratedClassifierCV(base_estimator=LinearSVC(C=10.0,
                                                                              class_weight='balanced',
                                                                              loss='squared_epsilon_insensitive',
                                                                              max_iter=1000.0,
                                                                              random_state=12345),
                                                     cv=5),
                    n_jobs=1))]|verbose:False|standardscaler:StandardScaler()|onevsrestclassifier:OneVsRestClassifier(estimator=CalibratedClassifierCV(base_estimator=LinearSVC(C=10.0,
                                                                              class_weight='balanced',
                                                                              loss='squared_epsilon_insensitive',
                                                                              max_iter=1000.0,
                                                                              random_state=12345),
                                                     cv=5),
                    n_jobs=1)|standardscaler__copy:True|standardscaler__with_mean:True|standardscaler__with_std:True|onevsrestclassifier__estimator__base_estimator__C:10.0|onevsrestclassifier__estimator__base_estimator__class_weight:balanced|onevsrestclassifier__estimator__base_estimator__dual:True|onevsrestclassifier__estimator__base_estimator__fit_intercept:True|onevsrestclassifier__estimator__base_estimator__intercept_scaling:1|onevsrestclassifier__estimator__base_estimator__loss:squared_epsilon_insensitive|onevsrestclassifier__estimator__base_estimator__max_iter:1000.0|onevsrestclassifier__estimator__base_estimator__multi_class:ovr|onevsrestclassifier__estimator__base_estimator__penalty:l2|onevsrestclassifier__estimator__base_estimator__random_state:12345|onevsrestclassifier__estimator__base_estimator__tol:0.0001|onevsrestclassifier__estimator__base_estimator__verbose:0|onevsrestclassifier__estimator__base_estimator:LinearSVC(C=10.0, class_weight='balanced', loss='squared_epsilon_insensitive',
          max_iter=1000.0, random_state=12345)|onevsrestclassifier__estimator__cv:5|onevsrestclassifier__estimator__ensemble:True|onevsrestclassifier__estimator__method:sigmoid|onevsrestclassifier__estimator__n_jobs:None|onevsrestclassifier__estimator:CalibratedClassifierCV(base_estimator=LinearSVC(C=10.0, class_weight='balanced',
                                                loss='squared_epsilon_insensitive',
                                                max_iter=1000.0,
                                                random_state=12345),
                       cv=5)|onevsrestclassifier__n_jobs:1",all,Perception,Perception,2,0.008584078138043096,0.016571624750107868,0.01830316171745547,0.014781778486508673,0.0383373422855852,0.04330908364105098,0.07191281498803348,-0.000515511941785116,0.00239283886306354,-0.0057529846169463335,-0.006386594545321915,-0.0008311896967299354,-0.022893720974417248,-0.023865809659721238,-0.010273337249606456,0.009671166776132232,0.014189967326619857,-0.005687147421815498,-0.008425271180350304,0.005266791293623643,0.00338625806765989
8,0.6247912731919503,479,same,9,"memory:None|steps:[('standardscaler', StandardScaler()), ('onevsrestclassifier', OneVsRestClassifier(estimator=CalibratedClassifierCV(base_estimator=LinearSVC(C=10.0,
                                                                              class_weight='balanced',
                                                                              loss='squared_epsilon_insensitive',
                                                                              max_iter=1000.0,
                                                                              random_state=12345),
                                                     cv=5),
                    n_jobs=1))]|verbose:False|standardscaler:StandardScaler()|onevsrestclassifier:OneVsRestClassifier(estimator=CalibratedClassifierCV(base_estimator=LinearSVC(C=10.0,
                                                                              class_weight='balanced',
                                                                              loss='squared_epsilon_insensitive',
                                                                              max_iter=1000.0,
                                                                              random_state=12345),
                                                     cv=5),
                    n_jobs=1)|standardscaler__copy:True|standardscaler__with_mean:True|standardscaler__with_std:True|onevsrestclassifier__estimator__base_estimator__C:10.0|onevsrestclassifier__estimator__base_estimator__class_weight:balanced|onevsrestclassifier__estimator__base_estimator__dual:True|onevsrestclassifier__estimator__base_estimator__fit_intercept:True|onevsrestclassifier__estimator__base_estimator__intercept_scaling:1|onevsrestclassifier__estimator__base_estimator__loss:squared_epsilon_insensitive|onevsrestclassifier__estimator__base_estimator__max_iter:1000.0|onevsrestclassifier__estimator__base_estimator__multi_class:ovr|onevsrestclassifier__estimator__base_estimator__penalty:l2|onevsrestclassifier__estimator__base_estimator__random_state:12345|onevsrestclassifier__estimator__base_estimator__tol:0.0001|onevsrestclassifier__estimator__base_estimator__verbose:0|onevsrestclassifier__estimator__base_estimator:LinearSVC(C=10.0, class_weight='balanced', loss='squared_epsilon_insensitive',
          max_iter=1000.0, random_state=12345)|onevsrestclassifier__estimator__cv:5|onevsrestclassifier__estimator__ensemble:True|onevsrestclassifier__estimator__method:sigmoid|onevsrestclassifier__estimator__n_jobs:None|onevsrestclassifier__estimator:CalibratedClassifierCV(base_estimator=LinearSVC(C=10.0, class_weight='balanced',
                                                loss='squared_epsilon_insensitive',
                                                max_iter=1000.0,
                                                random_state=12345),
                       cv=5)|onevsrestclassifier__n_jobs:1",all,Perception,Perception,3,0.011416946329687264,0.01500509376829274,0.0030684368894239675,0.020844493209058425,0.03432974957203753,0.0402375098388636,0.07400627987403155,-0.014731728560049943,0.010065872319637854,-0.0011295709901935264,0.004955131089723499,0.012236253210612164,-0.009555827987529911,-0.017979474197945027,-0.009025073480566458,0.005990058690369126,0.010179827741728969,-0.0016385208203163408,0.0002313121486645683,0.011025678869814504,0.011086433604176832
8,0.6247912731919503,479,same,9,"memory:None|steps:[('standardscaler', StandardScaler()), ('onevsrestclassifier', OneVsRestClassifier(estimator=CalibratedClassifierCV(base_estimator=LinearSVC(C=10.0,
                                                                              class_weight='balanced',
                                                                              loss='squared_epsilon_insensitive',
                                                                              max_iter=1000.0,
                                                                              random_state=12345),
                                                     cv=5),
                    n_jobs=1))]|verbose:False|standardscaler:StandardScaler()|onevsrestclassifier:OneVsRestClassifier(estimator=CalibratedClassifierCV(base_estimator=LinearSVC(C=10.0,
                                                                              class_weight='balanced',
                                                                              loss='squared_epsilon_insensitive',
                                                                              max_iter=1000.0,
                                                                              random_state=12345),
                                                     cv=5),
                    n_jobs=1)|standardscaler__copy:True|standardscaler__with_mean:True|standardscaler__with_std:True|onevsrestclassifier__estimator__base_estimator__C:10.0|onevsrestclassifier__estimator__base_estimator__class_weight:balanced|onevsrestclassifier__estimator__base_estimator__dual:True|onevsrestclassifier__estimator__base_estimator__fit_intercept:True|onevsrestclassifier__estimator__base_estimator__intercept_scaling:1|onevsrestclassifier__estimator__base_estimator__loss:squared_epsilon_insensitive|onevsrestclassifier__estimator__base_estimator__max_iter:1000.0|onevsrestclassifier__estimator__base_estimator__multi_class:ovr|onevsrestclassifier__estimator__base_estimator__penalty:l2|onevsrestclassifier__estimator__base_estimator__random_state:12345|onevsrestclassifier__estimator__base_estimator__tol:0.0001|onevsrestclassifier__estimator__base_estimator__verbose:0|onevsrestclassifier__estimator__base_estimator:LinearSVC(C=10.0, class_weight='balanced', loss='squared_epsilon_insensitive',
          max_iter=1000.0, random_state=12345)|onevsrestclassifier__estimator__cv:5|onevsrestclassifier__estimator__ensemble:True|onevsrestclassifier__estimator__method:sigmoid|onevsrestclassifier__estimator__n_jobs:None|onevsrestclassifier__estimator:CalibratedClassifierCV(base_estimator=LinearSVC(C=10.0, class_weight='balanced',
                                                loss='squared_epsilon_insensitive',
                                                max_iter=1000.0,
                                                random_state=12345),
                       cv=5)|onevsrestclassifier__n_jobs:1",all,Perception,Perception,4,-0.0030012420440988837,0.02080378664434837,0.023408080653627764,0.018757268148948472,0.02380132270685677,0.04154067592573539,0.09520722429088088,-0.0038016733232030214,0.0035031740553406686,0.00017235287493444094,-0.03345174323216893,-0.010948846417102642,-0.01272688697639345,-0.008422024624103039,-0.014411467927861818,0.0010285537564627446,0.004294771928093055,-0.030907953678616287,-0.004516361739938942,0.0066312387349509085,-0.009904201654219789
8,0.6247912731919503,479,same,9,"memory:None|steps:[('standardscaler', StandardScaler()), ('onevsrestclassifier', OneVsRestClassifier(estimator=CalibratedClassifierCV(base_estimator=LinearSVC(C=10.0,
                                                                              class_weight='balanced',
                                                                              loss='squared_epsilon_insensitive',
                                                                              max_iter=1000.0,
                                                                              random_state=12345),
                                                     cv=5),
                    n_jobs=1))]|verbose:False|standardscaler:StandardScaler()|onevsrestclassifier:OneVsRestClassifier(estimator=CalibratedClassifierCV(base_estimator=LinearSVC(C=10.0,
                                                                              class_weight='balanced',
                                                                              loss='squared_epsilon_insensitive',
                                                                              max_iter=1000.0,
                                                                              random_state=12345),
                                                     cv=5),
                    n_jobs=1)|standardscaler__copy:True|standardscaler__with_mean:True|standardscaler__with_std:True|onevsrestclassifier__estimator__base_estimator__C:10.0|onevsrestclassifier__estimator__base_estimator__class_weight:balanced|onevsrestclassifier__estimator__base_estimator__dual:True|onevsrestclassifier__estimator__base_estimator__fit_intercept:True|onevsrestclassifier__estimator__base_estimator__intercept_scaling:1|onevsrestclassifier__estimator__base_estimator__loss:squared_epsilon_insensitive|onevsrestclassifier__estimator__base_estimator__max_iter:1000.0|onevsrestclassifier__estimator__base_estimator__multi_class:ovr|onevsrestclassifier__estimator__base_estimator__penalty:l2|onevsrestclassifier__estimator__base_estimator__random_state:12345|onevsrestclassifier__estimator__base_estimator__tol:0.0001|onevsrestclassifier__estimator__base_estimator__verbose:0|onevsrestclassifier__estimator__base_estimator:LinearSVC(C=10.0, class_weight='balanced', loss='squared_epsilon_insensitive',
          max_iter=1000.0, random_state=12345)|onevsrestclassifier__estimator__cv:5|onevsrestclassifier__estimator__ensemble:True|onevsrestclassifier__estimator__method:sigmoid|onevsrestclassifier__estimator__n_jobs:None|onevsrestclassifier__estimator:CalibratedClassifierCV(base_estimator=LinearSVC(C=10.0, class_weight='balanced',
                                                loss='squared_epsilon_insensitive',
                                                max_iter=1000.0,
                                                random_state=12345),
                       cv=5)|onevsrestclassifier__n_jobs:1",all,Perception,Perception,5,5.049959301930168e-05,0.02848059829090482,0.01971579136641482,0.02787258836785711,0.03292511731232112,0.04067463351475534,0.09823288223685421,-0.0034703466895253947,0.015344304867730802,0.0011332196513619446,-0.007791343244112617,-0.00441954767625565,-0.009857663691328832,-0.007930875826347628,-0.006351879072913182,0.0015650650868598995,0.004729870317766961,-0.008357675313287263,-0.01898509829272289,0.021217675731396712,-0.008820812808673839
9,0.4961257972906832,527,same,10,"memory:None|steps:[('standardscaler', StandardScaler()), ('onevsrestclassifier', OneVsRestClassifier(estimator=CalibratedClassifierCV(base_estimator=LinearSVC(class_weight='balanced',
                                                                              loss='squared_epsilon_insensitive',
                                                                              max_iter=1000.0,
                                                                              random_state=12345),
                                                     cv=5),
                    n_jobs=1))]|verbose:False|standardscaler:StandardScaler()|onevsrestclassifier:OneVsRestClassifier(estimator=CalibratedClassifierCV(base_estimator=LinearSVC(class_weight='balanced',
                                                                              loss='squared_epsilon_insensitive',
                                                                              max_iter=1000.0,
                                                                              random_state=12345),
                                                     cv=5),
                    n_jobs=1)|standardscaler__copy:True|standardscaler__with_mean:True|standardscaler__with_std:True|onevsrestclassifier__estimator__base_estimator__C:1.0|onevsrestclassifier__estimator__base_estimator__class_weight:balanced|onevsrestclassifier__estimator__base_estimator__dual:True|onevsrestclassifier__estimator__base_estimator__fit_intercept:True|onevsrestclassifier__estimator__base_estimator__intercept_scaling:1|onevsrestclassifier__estimator__base_estimator__loss:squared_epsilon_insensitive|onevsrestclassifier__estimator__base_estimator__max_iter:1000.0|onevsrestclassifier__estimator__base_estimator__multi_class:ovr|onevsrestclassifier__estimator__base_estimator__penalty:l2|onevsrestclassifier__estimator__base_estimator__random_state:12345|onevsrestclassifier__estimator__base_estimator__tol:0.0001|onevsrestclassifier__estimator__base_estimator__verbose:0|onevsrestclassifier__estimator__base_estimator:LinearSVC(class_weight='balanced', loss='squared_epsilon_insensitive',
          max_iter=1000.0, random_state=12345)|onevsrestclassifier__estimator__cv:5|onevsrestclassifier__estimator__ensemble:True|onevsrestclassifier__estimator__method:sigmoid|onevsrestclassifier__estimator__n_jobs:None|onevsrestclassifier__estimator:CalibratedClassifierCV(base_estimator=LinearSVC(class_weight='balanced',
                                                loss='squared_epsilon_insensitive',
                                                max_iter=1000.0,
                                                random_state=12345),
                       cv=5)|onevsrestclassifier__n_jobs:1",all,Perception,Perception,1,0.011079701361904828,0.027279249796533803,0.016340927710344552,0.023031149316680814,0.024866015065803732,0.04101145797999487,0.09976757908638512,-0.00044596219746298075,-0.000843232554008104,0.0008256577195459951,-0.0029487784809448087,-0.005172343643906185,-0.008660015040644464,-0.003632914259570017,-0.0016773087283775002,-0.0033475933961597554,-0.0022770293723684567,-0.004170249571994624,-0.005987994588094486,0.0041978072548227155,-0.0022353338389217033
9,0.4961257972906832,527,same,10,"memory:None|steps:[('standardscaler', StandardScaler()), ('onevsrestclassifier', OneVsRestClassifier(estimator=CalibratedClassifierCV(base_estimator=LinearSVC(class_weight='balanced',
                                                                              loss='squared_epsilon_insensitive',
                                                                              max_iter=1000.0,
                                                                              random_state=12345),
                                                     cv=5),
                    n_jobs=1))]|verbose:False|standardscaler:StandardScaler()|onevsrestclassifier:OneVsRestClassifier(estimator=CalibratedClassifierCV(base_estimator=LinearSVC(class_weight='balanced',
                                                                              loss='squared_epsilon_insensitive',
                                                                              max_iter=1000.0,
                                                                              random_state=12345),
                                                     cv=5),
                    n_jobs=1)|standardscaler__copy:True|standardscaler__with_mean:True|standardscaler__with_std:True|onevsrestclassifier__estimator__base_estimator__C:1.0|onevsrestclassifier__estimator__base_estimator__class_weight:balanced|onevsrestclassifier__estimator__base_estimator__dual:True|onevsrestclassifier__estimator__base_estimator__fit_intercept:True|onevsrestclassifier__estimator__base_estimator__intercept_scaling:1|onevsrestclassifier__estimator__base_estimator__loss:squared_epsilon_insensitive|onevsrestclassifier__estimator__base_estimator__max_iter:1000.0|onevsrestclassifier__estimator__base_estimator__multi_class:ovr|onevsrestclassifier__estimator__base_estimator__penalty:l2|onevsrestclassifier__estimator__base_estimator__random_state:12345|onevsrestclassifier__estimator__base_estimator__tol:0.0001|onevsrestclassifier__estimator__base_estimator__verbose:0|onevsrestclassifier__estimator__base_estimator:LinearSVC(class_weight='balanced', loss='squared_epsilon_insensitive',
          max_iter=1000.0, random_state=12345)|onevsrestclassifier__estimator__cv:5|onevsrestclassifier__estimator__ensemble:True|onevsrestclassifier__estimator__method:sigmoid|onevsrestclassifier__estimator__n_jobs:None|onevsrestclassifier__estimator:CalibratedClassifierCV(base_estimator=LinearSVC(class_weight='balanced',
                                                loss='squared_epsilon_insensitive',
                                                max_iter=1000.0,
                                                random_state=12345),
                       cv=5)|onevsrestclassifier__n_jobs:1",all,Perception,Perception,2,0.008506742244947496,0.022109019391015058,0.020644234087958895,0.023146951890502487,0.019923451888721955,0.04294027650810059,0.09489154419031644,-0.003372597078683959,-0.001323632766693363,-0.0035397068662663127,-0.0018685964323963138,-0.0033520980390860365,-0.007975002727265765,-0.007229761771551489,0.001105985587950015,0.0036525257922164667,0.00032845191970530156,-0.0047874456305768386,-5.080654950036857e-05,0.013981020485264615,0.008725929766828885
9,0.4961257972906832,527,same,10,"memory:None|steps:[('standardscaler', StandardScaler()), ('onevsrestclassifier', OneVsRestClassifier(estimator=CalibratedClassifierCV(base_estimator=LinearSVC(class_weight='balanced',
                                                                              loss='squared_epsilon_insensitive',
                                                                              max_iter=1000.0,
                                                                              random_state=12345),
                                                     cv=5),
                    n_jobs=1))]|verbose:False|standardscaler:StandardScaler()|onevsrestclassifier:OneVsRestClassifier(estimator=CalibratedClassifierCV(base_estimator=LinearSVC(class_weight='balanced',
                                                                              loss='squared_epsilon_insensitive',
                                                                              max_iter=1000.0,
                                                                              random_state=12345),
                                                     cv=5),
                    n_jobs=1)|standardscaler__copy:True|standardscaler__with_mean:True|standardscaler__with_std:True|onevsrestclassifier__estimator__base_estimator__C:1.0|onevsrestclassifier__estimator__base_estimator__class_weight:balanced|onevsrestclassifier__estimator__base_estimator__dual:True|onevsrestclassifier__estimator__base_estimator__fit_intercept:True|onevsrestclassifier__estimator__base_estimator__intercept_scaling:1|onevsrestclassifier__estimator__base_estimator__loss:squared_epsilon_insensitive|onevsrestclassifier__estimator__base_estimator__max_iter:1000.0|onevsrestclassifier__estimator__base_estimator__multi_class:ovr|onevsrestclassifier__estimator__base_estimator__penalty:l2|onevsrestclassifier__estimator__base_estimator__random_state:12345|onevsrestclassifier__estimator__base_estimator__tol:0.0001|onevsrestclassifier__estimator__base_estimator__verbose:0|onevsrestclassifier__estimator__base_estimator:LinearSVC(class_weight='balanced', loss='squared_epsilon_insensitive',
          max_iter=1000.0, random_state=12345)|onevsrestclassifier__estimator__cv:5|onevsrestclassifier__estimator__ensemble:True|onevsrestclassifier__estimator__method:sigmoid|onevsrestclassifier__estimator__n_jobs:None|onevsrestclassifier__estimator:CalibratedClassifierCV(base_estimator=LinearSVC(class_weight='balanced',
                                                loss='squared_epsilon_insensitive',
                                                max_iter=1000.0,
                                                random_state=12345),
                       cv=5)|onevsrestclassifier__n_jobs:1",all,Perception,Perception,3,0.0112848471920863,0.01959686763413876,0.01390573614650266,0.0200591561127156,0.021940158919396952,0.04249180309098454,0.09733307430096987,-0.003270594613941556,0.0031106103971844856,0.004391894988452016,0.002225779336337116,-0.001129668583505673,-0.0007977870789446328,-0.0019952590365125153,0.0004251425867825147,-0.0017394420429840734,-0.001645435697332566,-0.007364818942021689,-0.0018302467748551555,0.0076010517822225985,0.0050941213080350906
9,0.4961257972906832,527,same,10,"memory:None|steps:[('standardscaler', StandardScaler()), ('onevsrestclassifier', OneVsRestClassifier(estimator=CalibratedClassifierCV(base_estimator=LinearSVC(class_weight='balanced',
                                                                              loss='squared_epsilon_insensitive',
                                                                              max_iter=1000.0,
                                                                              random_state=12345),
                                                     cv=5),
                    n_jobs=1))]|verbose:False|standardscaler:StandardScaler()|onevsrestclassifier:OneVsRestClassifier(estimator=CalibratedClassifierCV(base_estimator=LinearSVC(class_weight='balanced',
                                                                              loss='squared_epsilon_insensitive',
                                                                              max_iter=1000.0,
                                                                              random_state=12345),
                                                     cv=5),
                    n_jobs=1)|standardscaler__copy:True|standardscaler__with_mean:True|standardscaler__with_std:True|onevsrestclassifier__estimator__base_estimator__C:1.0|onevsrestclassifier__estimator__base_estimator__class_weight:balanced|onevsrestclassifier__estimator__base_estimator__dual:True|onevsrestclassifier__estimator__base_estimator__fit_intercept:True|onevsrestclassifier__estimator__base_estimator__intercept_scaling:1|onevsrestclassifier__estimator__base_estimator__loss:squared_epsilon_insensitive|onevsrestclassifier__estimator__base_estimator__max_iter:1000.0|onevsrestclassifier__estimator__base_estimator__multi_class:ovr|onevsrestclassifier__estimator__base_estimator__penalty:l2|onevsrestclassifier__estimator__base_estimator__random_state:12345|onevsrestclassifier__estimator__base_estimator__tol:0.0001|onevsrestclassifier__estimator__base_estimator__verbose:0|onevsrestclassifier__estimator__base_estimator:LinearSVC(class_weight='balanced', loss='squared_epsilon_insensitive',
          max_iter=1000.0, random_state=12345)|onevsrestclassifier__estimator__cv:5|onevsrestclassifier__estimator__ensemble:True|onevsrestclassifier__estimator__method:sigmoid|onevsrestclassifier__estimator__n_jobs:None|onevsrestclassifier__estimator:CalibratedClassifierCV(base_estimator=LinearSVC(class_weight='balanced',
                                                loss='squared_epsilon_insensitive',
                                                max_iter=1000.0,
                                                random_state=12345),
                       cv=5)|onevsrestclassifier__n_jobs:1",all,Perception,Perception,4,0.010037077791728457,0.020464655146665945,0.01473895542292107,0.014971656108441188,0.02182240325543159,0.04166663664754693,0.09782162918416376,-0.002014639660714701,0.0013075043910752604,-0.0026229911015000196,-0.005062518552502185,-0.005899157462322054,-0.006781096000131453,-0.00746389251583548,-0.002525680366523669,-0.002326674538102884,-0.0017402540268170762,-0.010639848049776576,-0.0022941854637477293,0.002753624882961231,-0.00041517189898973176
9,0.4961257972906832,527,same,10,"memory:None|steps:[('standardscaler', StandardScaler()), ('onevsrestclassifier', OneVsRestClassifier(estimator=CalibratedClassifierCV(base_estimator=LinearSVC(class_weight='balanced',
                                                                              loss='squared_epsilon_insensitive',
                                                                              max_iter=1000.0,
                                                                              random_state=12345),
                                                     cv=5),
                    n_jobs=1))]|verbose:False|standardscaler:StandardScaler()|onevsrestclassifier:OneVsRestClassifier(estimator=CalibratedClassifierCV(base_estimator=LinearSVC(class_weight='balanced',
                                                                              loss='squared_epsilon_insensitive',
                                                                              max_iter=1000.0,
                                                                              random_state=12345),
                                                     cv=5),
                    n_jobs=1)|standardscaler__copy:True|standardscaler__with_mean:True|standardscaler__with_std:True|onevsrestclassifier__estimator__base_estimator__C:1.0|onevsrestclassifier__estimator__base_estimator__class_weight:balanced|onevsrestclassifier__estimator__base_estimator__dual:True|onevsrestclassifier__estimator__base_estimator__fit_intercept:True|onevsrestclassifier__estimator__base_estimator__intercept_scaling:1|onevsrestclassifier__estimator__base_estimator__loss:squared_epsilon_insensitive|onevsrestclassifier__estimator__base_estimator__max_iter:1000.0|onevsrestclassifier__estimator__base_estimator__multi_class:ovr|onevsrestclassifier__estimator__base_estimator__penalty:l2|onevsrestclassifier__estimator__base_estimator__random_state:12345|onevsrestclassifier__estimator__base_estimator__tol:0.0001|onevsrestclassifier__estimator__base_estimator__verbose:0|onevsrestclassifier__estimator__base_estimator:LinearSVC(class_weight='balanced', loss='squared_epsilon_insensitive',
          max_iter=1000.0, random_state=12345)|onevsrestclassifier__estimator__cv:5|onevsrestclassifier__estimator__ensemble:True|onevsrestclassifier__estimator__method:sigmoid|onevsrestclassifier__estimator__n_jobs:None|onevsrestclassifier__estimator:CalibratedClassifierCV(base_estimator=LinearSVC(class_weight='balanced',
                                                loss='squared_epsilon_insensitive',
                                                max_iter=1000.0,
                                                random_state=12345),
                       cv=5)|onevsrestclassifier__n_jobs:1",all,Perception,Perception,5,0.010599574448848462,0.022412922926397707,0.018805331208539246,0.021083995372455165,0.02721623123991363,0.04259135645331226,0.09838635687419635,-0.0012870425838304419,-0.0016564750684724737,0.001068378027725432,-0.0005296464636788869,-0.004185552855981157,-0.005675583119703227,-0.006121560704781572,-0.004180905404335518,-0.003631101909427274,0.0026167926178877966,-0.011634947959418171,-0.0024615819243198767,0.008709375105852213,0.003112022882383649
10,0.6242534653849059,330,same,11,"memory:None|steps:[('standardscaler', StandardScaler()), ('onevsrestclassifier', OneVsRestClassifier(estimator=CalibratedClassifierCV(base_estimator=LinearSVC(class_weight='balanced',
                                                                              loss='squared_epsilon_insensitive',
                                                                              max_iter=1000.0,
                                                                              random_state=12345),
                                                     cv=5),
                    n_jobs=1))]|verbose:False|standardscaler:StandardScaler()|onevsrestclassifier:OneVsRestClassifier(estimator=CalibratedClassifierCV(base_estimator=LinearSVC(class_weight='balanced',
                                                                              loss='squared_epsilon_insensitive',
                                                                              max_iter=1000.0,
                                                                              random_state=12345),
                                                     cv=5),
                    n_jobs=1)|standardscaler__copy:True|standardscaler__with_mean:True|standardscaler__with_std:True|onevsrestclassifier__estimator__base_estimator__C:1.0|onevsrestclassifier__estimator__base_estimator__class_weight:balanced|onevsrestclassifier__estimator__base_estimator__dual:True|onevsrestclassifier__estimator__base_estimator__fit_intercept:True|onevsrestclassifier__estimator__base_estimator__intercept_scaling:1|onevsrestclassifier__estimator__base_estimator__loss:squared_epsilon_insensitive|onevsrestclassifier__estimator__base_estimator__max_iter:1000.0|onevsrestclassifier__estimator__base_estimator__multi_class:ovr|onevsrestclassifier__estimator__base_estimator__penalty:l2|onevsrestclassifier__estimator__base_estimator__random_state:12345|onevsrestclassifier__estimator__base_estimator__tol:0.0001|onevsrestclassifier__estimator__base_estimator__verbose:0|onevsrestclassifier__estimator__base_estimator:LinearSVC(class_weight='balanced', loss='squared_epsilon_insensitive',
          max_iter=1000.0, random_state=12345)|onevsrestclassifier__estimator__cv:5|onevsrestclassifier__estimator__ensemble:True|onevsrestclassifier__estimator__method:sigmoid|onevsrestclassifier__estimator__n_jobs:None|onevsrestclassifier__estimator:CalibratedClassifierCV(base_estimator=LinearSVC(class_weight='balanced',
                                                loss='squared_epsilon_insensitive',
                                                max_iter=1000.0,
                                                random_state=12345),
                       cv=5)|onevsrestclassifier__n_jobs:1",all,Perception,Perception,1,0.007018890227969631,0.021107118440972846,0.012378350319000742,0.02082323310190921,0.021536296673906163,0.03500225533211198,0.09566429203253271,-0.0012851694837448578,-0.0017104744977070813,-0.0014157522730330195,-0.004275318807855328,-0.005055680460808251,-0.008078920583545725,-0.004666355543334968,-0.0008210856277942644,0.001955277385283069,0.00044111178767985087,-0.002218612191137738,-0.0018414871314555484,0.0065638279026634236,0.00546813963262981
10,0.6242534653849059,330,same,11,"memory:None|steps:[('standardscaler', StandardScaler()), ('onevsrestclassifier', OneVsRestClassifier(estimator=CalibratedClassifierCV(base_estimator=LinearSVC(class_weight='balanced',
                                                                              loss='squared_epsilon_insensitive',
                                                                              max_iter=1000.0,
                                                                              random_state=12345),
                                                     cv=5),
                    n_jobs=1))]|verbose:False|standardscaler:StandardScaler()|onevsrestclassifier:OneVsRestClassifier(estimator=CalibratedClassifierCV(base_estimator=LinearSVC(class_weight='balanced',
                                                                              loss='squared_epsilon_insensitive',
                                                                              max_iter=1000.0,
                                                                              random_state=12345),
                                                     cv=5),
                    n_jobs=1)|standardscaler__copy:True|standardscaler__with_mean:True|standardscaler__with_std:True|onevsrestclassifier__estimator__base_estimator__C:1.0|onevsrestclassifier__estimator__base_estimator__class_weight:balanced|onevsrestclassifier__estimator__base_estimator__dual:True|onevsrestclassifier__estimator__base_estimator__fit_intercept:True|onevsrestclassifier__estimator__base_estimator__intercept_scaling:1|onevsrestclassifier__estimator__base_estimator__loss:squared_epsilon_insensitive|onevsrestclassifier__estimator__base_estimator__max_iter:1000.0|onevsrestclassifier__estimator__base_estimator__multi_class:ovr|onevsrestclassifier__estimator__base_estimator__penalty:l2|onevsrestclassifier__estimator__base_estimator__random_state:12345|onevsrestclassifier__estimator__base_estimator__tol:0.0001|onevsrestclassifier__estimator__base_estimator__verbose:0|onevsrestclassifier__estimator__base_estimator:LinearSVC(class_weight='balanced', loss='squared_epsilon_insensitive',
          max_iter=1000.0, random_state=12345)|onevsrestclassifier__estimator__cv:5|onevsrestclassifier__estimator__ensemble:True|onevsrestclassifier__estimator__method:sigmoid|onevsrestclassifier__estimator__n_jobs:None|onevsrestclassifier__estimator:CalibratedClassifierCV(base_estimator=LinearSVC(class_weight='balanced',
                                                loss='squared_epsilon_insensitive',
                                                max_iter=1000.0,
                                                random_state=12345),
                       cv=5)|onevsrestclassifier__n_jobs:1",all,Perception,Perception,2,0.0051512827260024536,0.01840539304248346,0.017197108407327407,0.01883295378822159,0.017857412128878522,0.037863022838589507,0.08866104000765475,-0.0054435989203025096,-0.0026119341730063282,-0.005007800399068542,-0.0023818005287627596,-0.004200177078810665,-0.009630611892967121,-0.008197665691475812,-0.001711786246437648,0.004245013896086575,-0.0025222309220349014,-0.007153838976906204,-0.0006200778978249079,0.011252040643025454,0.008299315111591174
10,0.6242534653849059,330,same,11,"memory:None|steps:[('standardscaler', StandardScaler()), ('onevsrestclassifier', OneVsRestClassifier(estimator=CalibratedClassifierCV(base_estimator=LinearSVC(class_weight='balanced',
                                                                              loss='squared_epsilon_insensitive',
                                                                              max_iter=1000.0,
                                                                              random_state=12345),
                                                     cv=5),
                    n_jobs=1))]|verbose:False|standardscaler:StandardScaler()|onevsrestclassifier:OneVsRestClassifier(estimator=CalibratedClassifierCV(base_estimator=LinearSVC(class_weight='balanced',
                                                                              loss='squared_epsilon_insensitive',
                                                                              max_iter=1000.0,
                                                                              random_state=12345),
                                                     cv=5),
                    n_jobs=1)|standardscaler__copy:True|standardscaler__with_mean:True|standardscaler__with_std:True|onevsrestclassifier__estimator__base_estimator__C:1.0|onevsrestclassifier__estimator__base_estimator__class_weight:balanced|onevsrestclassifier__estimator__base_estimator__dual:True|onevsrestclassifier__estimator__base_estimator__fit_intercept:True|onevsrestclassifier__estimator__base_estimator__intercept_scaling:1|onevsrestclassifier__estimator__base_estimator__loss:squared_epsilon_insensitive|onevsrestclassifier__estimator__base_estimator__max_iter:1000.0|onevsrestclassifier__estimator__base_estimator__multi_class:ovr|onevsrestclassifier__estimator__base_estimator__penalty:l2|onevsrestclassifier__estimator__base_estimator__random_state:12345|onevsrestclassifier__estimator__base_estimator__tol:0.0001|onevsrestclassifier__estimator__base_estimator__verbose:0|onevsrestclassifier__estimator__base_estimator:LinearSVC(class_weight='balanced', loss='squared_epsilon_insensitive',
          max_iter=1000.0, random_state=12345)|onevsrestclassifier__estimator__cv:5|onevsrestclassifier__estimator__ensemble:True|onevsrestclassifier__estimator__method:sigmoid|onevsrestclassifier__estimator__n_jobs:None|onevsrestclassifier__estimator:CalibratedClassifierCV(base_estimator=LinearSVC(class_weight='balanced',
                                                loss='squared_epsilon_insensitive',
                                                max_iter=1000.0,
                                                random_state=12345),
                       cv=5)|onevsrestclassifier__n_jobs:1",all,Perception,Perception,3,0.008355085345636342,0.01607918910653736,0.012758266283437873,0.018501975742982353,0.019888874982056725,0.04094877752275021,0.09465072824538993,0.0016902186763693375,0.005982636891004952,0.008175095038769346,0.006468845605249528,0.0028893293552673793,0.003450577547262427,0.002743840736060287,0.005202097017701328,0.0032928006494502156,0.0051818804651966935,-0.0037723369274830386,0.0027141866503516566,0.012189984765996842,0.00911465539763358
10,0.6242534653849059,330,same,11,"memory:None|steps:[('standardscaler', StandardScaler()), ('onevsrestclassifier', OneVsRestClassifier(estimator=CalibratedClassifierCV(base_estimator=LinearSVC(class_weight='balanced',
                                                                              loss='squared_epsilon_insensitive',
                                                                              max_iter=1000.0,
                                                                              random_state=12345),
                                                     cv=5),
                    n_jobs=1))]|verbose:False|standardscaler:StandardScaler()|onevsrestclassifier:OneVsRestClassifier(estimator=CalibratedClassifierCV(base_estimator=LinearSVC(class_weight='balanced',
                                                                              loss='squared_epsilon_insensitive',
                                                                              max_iter=1000.0,
                                                                              random_state=12345),
                                                     cv=5),
                    n_jobs=1)|standardscaler__copy:True|standardscaler__with_mean:True|standardscaler__with_std:True|onevsrestclassifier__estimator__base_estimator__C:1.0|onevsrestclassifier__estimator__base_estimator__class_weight:balanced|onevsrestclassifier__estimator__base_estimator__dual:True|onevsrestclassifier__estimator__base_estimator__fit_intercept:True|onevsrestclassifier__estimator__base_estimator__intercept_scaling:1|onevsrestclassifier__estimator__base_estimator__loss:squared_epsilon_insensitive|onevsrestclassifier__estimator__base_estimator__max_iter:1000.0|onevsrestclassifier__estimator__base_estimator__multi_class:ovr|onevsrestclassifier__estimator__base_estimator__penalty:l2|onevsrestclassifier__estimator__base_estimator__random_state:12345|onevsrestclassifier__estimator__base_estimator__tol:0.0001|onevsrestclassifier__estimator__base_estimator__verbose:0|onevsrestclassifier__estimator__base_estimator:LinearSVC(class_weight='balanced', loss='squared_epsilon_insensitive',
          max_iter=1000.0, random_state=12345)|onevsrestclassifier__estimator__cv:5|onevsrestclassifier__estimator__ensemble:True|onevsrestclassifier__estimator__method:sigmoid|onevsrestclassifier__estimator__n_jobs:None|onevsrestclassifier__estimator:CalibratedClassifierCV(base_estimator=LinearSVC(class_weight='balanced',
                                                loss='squared_epsilon_insensitive',
                                                max_iter=1000.0,
                                                random_state=12345),
                       cv=5)|onevsrestclassifier__n_jobs:1",all,Perception,Perception,4,0.00590934930948385,0.016331510283774223,0.010311485832064713,0.012332616857413782,0.01808161458577943,0.03478466893382435,0.0944407727630235,-0.004120806983641193,-0.0014758267215227302,-0.006573054257257167,-0.007134671779872378,-0.006505345884234556,-0.008110806721210135,-0.010640645590176278,-0.004250486159081474,0.001550835986764942,-0.0012891509303781046,-0.010358097983682613,-0.0011210852651519908,0.0031641398852266783,0.00532016823979761
10,0.6242534653849059,330,same,11,"memory:None|steps:[('standardscaler', StandardScaler()), ('onevsrestclassifier', OneVsRestClassifier(estimator=CalibratedClassifierCV(base_estimator=LinearSVC(class_weight='balanced',
                                                                              loss='squared_epsilon_insensitive',
                                                                              max_iter=1000.0,
                                                                              random_state=12345),
                                                     cv=5),
                    n_jobs=1))]|verbose:False|standardscaler:StandardScaler()|onevsrestclassifier:OneVsRestClassifier(estimator=CalibratedClassifierCV(base_estimator=LinearSVC(class_weight='balanced',
                                                                              loss='squared_epsilon_insensitive',
                                                                              max_iter=1000.0,
                                                                              random_state=12345),
                                                     cv=5),
                    n_jobs=1)|standardscaler__copy:True|standardscaler__with_mean:True|standardscaler__with_std:True|onevsrestclassifier__estimator__base_estimator__C:1.0|onevsrestclassifier__estimator__base_estimator__class_weight:balanced|onevsrestclassifier__estimator__base_estimator__dual:True|onevsrestclassifier__estimator__base_estimator__fit_intercept:True|onevsrestclassifier__estimator__base_estimator__intercept_scaling:1|onevsrestclassifier__estimator__base_estimator__loss:squared_epsilon_insensitive|onevsrestclassifier__estimator__base_estimator__max_iter:1000.0|onevsrestclassifier__estimator__base_estimator__multi_class:ovr|onevsrestclassifier__estimator__base_estimator__penalty:l2|onevsrestclassifier__estimator__base_estimator__random_state:12345|onevsrestclassifier__estimator__base_estimator__tol:0.0001|onevsrestclassifier__estimator__base_estimator__verbose:0|onevsrestclassifier__estimator__base_estimator:LinearSVC(class_weight='balanced', loss='squared_epsilon_insensitive',
          max_iter=1000.0, random_state=12345)|onevsrestclassifier__estimator__cv:5|onevsrestclassifier__estimator__ensemble:True|onevsrestclassifier__estimator__method:sigmoid|onevsrestclassifier__estimator__n_jobs:None|onevsrestclassifier__estimator:CalibratedClassifierCV(base_estimator=LinearSVC(class_weight='balanced',
                                                loss='squared_epsilon_insensitive',
                                                max_iter=1000.0,
                                                random_state=12345),
                       cv=5)|onevsrestclassifier__n_jobs:1",all,Perception,Perception,5,0.006971373404881345,0.017212793072603892,0.015599125563452325,0.018386697267323397,0.024304142978838133,0.037463890842480085,0.09413744132715435,-0.0013690054490500265,-0.0021427741303888443,-0.00022364262645864673,-0.0009724907993622098,-0.0033137592239638864,-0.0056543146341403614,-0.00598975214941463,-0.0034858536105943647,0.0022693810280909653,0.005093928211619139,-0.009962095242771796,0.0011557074139191782,0.010770168225373402,0.009104904349750911
11,0.6646828669040635,495,same,12,"memory:None|steps:[('standardscaler', StandardScaler()), ('onevsrestclassifier', OneVsRestClassifier(estimator=CalibratedClassifierCV(base_estimator=LinearSVC(class_weight='balanced',
                                                                              loss='squared_epsilon_insensitive',
                                                                              max_iter=1000.0,
                                                                              random_state=12345),
                                                     cv=5),
                    n_jobs=1))]|verbose:False|standardscaler:StandardScaler()|onevsrestclassifier:OneVsRestClassifier(estimator=CalibratedClassifierCV(base_estimator=LinearSVC(class_weight='balanced',
                                                                              loss='squared_epsilon_insensitive',
                                                                              max_iter=1000.0,
                                                                              random_state=12345),
                                                     cv=5),
                    n_jobs=1)|standardscaler__copy:True|standardscaler__with_mean:True|standardscaler__with_std:True|onevsrestclassifier__estimator__base_estimator__C:1.0|onevsrestclassifier__estimator__base_estimator__class_weight:balanced|onevsrestclassifier__estimator__base_estimator__dual:True|onevsrestclassifier__estimator__base_estimator__fit_intercept:True|onevsrestclassifier__estimator__base_estimator__intercept_scaling:1|onevsrestclassifier__estimator__base_estimator__loss:squared_epsilon_insensitive|onevsrestclassifier__estimator__base_estimator__max_iter:1000.0|onevsrestclassifier__estimator__base_estimator__multi_class:ovr|onevsrestclassifier__estimator__base_estimator__penalty:l2|onevsrestclassifier__estimator__base_estimator__random_state:12345|onevsrestclassifier__estimator__base_estimator__tol:0.0001|onevsrestclassifier__estimator__base_estimator__verbose:0|onevsrestclassifier__estimator__base_estimator:LinearSVC(class_weight='balanced', loss='squared_epsilon_insensitive',
          max_iter=1000.0, random_state=12345)|onevsrestclassifier__estimator__cv:5|onevsrestclassifier__estimator__ensemble:True|onevsrestclassifier__estimator__method:sigmoid|onevsrestclassifier__estimator__n_jobs:None|onevsrestclassifier__estimator:CalibratedClassifierCV(base_estimator=LinearSVC(class_weight='balanced',
                                                loss='squared_epsilon_insensitive',
                                                max_iter=1000.0,
                                                random_state=12345),
                       cv=5)|onevsrestclassifier__n_jobs:1",all,Perception,Perception,1,0.010679376736437549,0.025752196544128483,0.0172463037694052,0.022523994023656912,0.022622394074607383,0.03929228059743873,0.09682915306687676,0.0002746697337858017,-0.001697409958603047,-0.0005428624339418704,-0.0017947116193942805,-0.00275617355526949,-0.007405654927481472,-0.004155856475579062,-0.0032114547608463107,5.681984183058602e-05,-0.0021775809451211117,-0.005755413779670284,-0.005914885556636219,0.003306782567561115,0.0009325990173901473
11,0.6646828669040635,495,same,12,"memory:None|steps:[('standardscaler', StandardScaler()), ('onevsrestclassifier', OneVsRestClassifier(estimator=CalibratedClassifierCV(base_estimator=LinearSVC(class_weight='balanced',
                                                                              loss='squared_epsilon_insensitive',
                                                                              max_iter=1000.0,
                                                                              random_state=12345),
                                                     cv=5),
                    n_jobs=1))]|verbose:False|standardscaler:StandardScaler()|onevsrestclassifier:OneVsRestClassifier(estimator=CalibratedClassifierCV(base_estimator=LinearSVC(class_weight='balanced',
                                                                              loss='squared_epsilon_insensitive',
                                                                              max_iter=1000.0,
                                                                              random_state=12345),
                                                     cv=5),
                    n_jobs=1)|standardscaler__copy:True|standardscaler__with_mean:True|standardscaler__with_std:True|onevsrestclassifier__estimator__base_estimator__C:1.0|onevsrestclassifier__estimator__base_estimator__class_weight:balanced|onevsrestclassifier__estimator__base_estimator__dual:True|onevsrestclassifier__estimator__base_estimator__fit_intercept:True|onevsrestclassifier__estimator__base_estimator__intercept_scaling:1|onevsrestclassifier__estimator__base_estimator__loss:squared_epsilon_insensitive|onevsrestclassifier__estimator__base_estimator__max_iter:1000.0|onevsrestclassifier__estimator__base_estimator__multi_class:ovr|onevsrestclassifier__estimator__base_estimator__penalty:l2|onevsrestclassifier__estimator__base_estimator__random_state:12345|onevsrestclassifier__estimator__base_estimator__tol:0.0001|onevsrestclassifier__estimator__base_estimator__verbose:0|onevsrestclassifier__estimator__base_estimator:LinearSVC(class_weight='balanced', loss='squared_epsilon_insensitive',
          max_iter=1000.0, random_state=12345)|onevsrestclassifier__estimator__cv:5|onevsrestclassifier__estimator__ensemble:True|onevsrestclassifier__estimator__method:sigmoid|onevsrestclassifier__estimator__n_jobs:None|onevsrestclassifier__estimator:CalibratedClassifierCV(base_estimator=LinearSVC(class_weight='balanced',
                                                loss='squared_epsilon_insensitive',
                                                max_iter=1000.0,
                                                random_state=12345),
                       cv=5)|onevsrestclassifier__n_jobs:1",all,Perception,Perception,2,0.007263207929002467,0.020725214608119994,0.01943336579218992,0.02285246965918182,0.020256140250930033,0.04292757729172012,0.09130511660402146,-0.004871946965653147,-0.0021750766118590545,-0.004878359029925208,-0.0035679631129577408,-0.0051320688828564815,-0.010564289369213357,-0.009656328057828747,-0.0058940222625780345,-0.0010123571386652756,-0.006543719621560963,-0.011694674792358325,-0.0062944995083906935,0.009129337861517258,0.0042704951495816275
11,0.6646828669040635,495,same,12,"memory:None|steps:[('standardscaler', StandardScaler()), ('onevsrestclassifier', OneVsRestClassifier(estimator=CalibratedClassifierCV(base_estimator=LinearSVC(class_weight='balanced',
                                                                              loss='squared_epsilon_insensitive',
                                                                              max_iter=1000.0,
                                                                              random_state=12345),
                                                     cv=5),
                    n_jobs=1))]|verbose:False|standardscaler:StandardScaler()|onevsrestclassifier:OneVsRestClassifier(estimator=CalibratedClassifierCV(base_estimator=LinearSVC(class_weight='balanced',
                                                                              loss='squared_epsilon_insensitive',
                                                                              max_iter=1000.0,
                                                                              random_state=12345),
                                                     cv=5),
                    n_jobs=1)|standardscaler__copy:True|standardscaler__with_mean:True|standardscaler__with_std:True|onevsrestclassifier__estimator__base_estimator__C:1.0|onevsrestclassifier__estimator__base_estimator__class_weight:balanced|onevsrestclassifier__estimator__base_estimator__dual:True|onevsrestclassifier__estimator__base_estimator__fit_intercept:True|onevsrestclassifier__estimator__base_estimator__intercept_scaling:1|onevsrestclassifier__estimator__base_estimator__loss:squared_epsilon_insensitive|onevsrestclassifier__estimator__base_estimator__max_iter:1000.0|onevsrestclassifier__estimator__base_estimator__multi_class:ovr|onevsrestclassifier__estimator__base_estimator__penalty:l2|onevsrestclassifier__estimator__base_estimator__random_state:12345|onevsrestclassifier__estimator__base_estimator__tol:0.0001|onevsrestclassifier__estimator__base_estimator__verbose:0|onevsrestclassifier__estimator__base_estimator:LinearSVC(class_weight='balanced', loss='squared_epsilon_insensitive',
          max_iter=1000.0, random_state=12345)|onevsrestclassifier__estimator__cv:5|onevsrestclassifier__estimator__ensemble:True|onevsrestclassifier__estimator__method:sigmoid|onevsrestclassifier__estimator__n_jobs:None|onevsrestclassifier__estimator:CalibratedClassifierCV(base_estimator=LinearSVC(class_weight='balanced',
                                                loss='squared_epsilon_insensitive',
                                                max_iter=1000.0,
                                                random_state=12345),
                       cv=5)|onevsrestclassifier__n_jobs:1",all,Perception,Perception,3,0.010177803341166974,0.01817625627996603,0.0140680288080943,0.018732203117902097,0.020416446139864618,0.041547923685090124,0.10023507797607101,-0.001632127783899949,0.0035656328270341885,0.004020192506623939,0.0024740722705255637,6.998385092793067e-05,-0.0003030753283132994,-0.0030062529734442146,0.004290993984537463,0.005258652903051939,0.004573984277016232,-0.003597224217012003,0.0023532118086875245,0.012400906114608663,0.012915110692107244
11,0.6646828669040635,495,same,12,"memory:None|steps:[('standardscaler', StandardScaler()), ('onevsrestclassifier', OneVsRestClassifier(estimator=CalibratedClassifierCV(base_estimator=LinearSVC(class_weight='balanced',
                                                                              loss='squared_epsilon_insensitive',
                                                                              max_iter=1000.0,
                                                                              random_state=12345),
                                                     cv=5),
                    n_jobs=1))]|verbose:False|standardscaler:StandardScaler()|onevsrestclassifier:OneVsRestClassifier(estimator=CalibratedClassifierCV(base_estimator=LinearSVC(class_weight='balanced',
                                                                              loss='squared_epsilon_insensitive',
                                                                              max_iter=1000.0,
                                                                              random_state=12345),
                                                     cv=5),
                    n_jobs=1)|standardscaler__copy:True|standardscaler__with_mean:True|standardscaler__with_std:True|onevsrestclassifier__estimator__base_estimator__C:1.0|onevsrestclassifier__estimator__base_estimator__class_weight:balanced|onevsrestclassifier__estimator__base_estimator__dual:True|onevsrestclassifier__estimator__base_estimator__fit_intercept:True|onevsrestclassifier__estimator__base_estimator__intercept_scaling:1|onevsrestclassifier__estimator__base_estimator__loss:squared_epsilon_insensitive|onevsrestclassifier__estimator__base_estimator__max_iter:1000.0|onevsrestclassifier__estimator__base_estimator__multi_class:ovr|onevsrestclassifier__estimator__base_estimator__penalty:l2|onevsrestclassifier__estimator__base_estimator__random_state:12345|onevsrestclassifier__estimator__base_estimator__tol:0.0001|onevsrestclassifier__estimator__base_estimator__verbose:0|onevsrestclassifier__estimator__base_estimator:LinearSVC(class_weight='balanced', loss='squared_epsilon_insensitive',
          max_iter=1000.0, random_state=12345)|onevsrestclassifier__estimator__cv:5|onevsrestclassifier__estimator__ensemble:True|onevsrestclassifier__estimator__method:sigmoid|onevsrestclassifier__estimator__n_jobs:None|onevsrestclassifier__estimator:CalibratedClassifierCV(base_estimator=LinearSVC(class_weight='balanced',
                                                loss='squared_epsilon_insensitive',
                                                max_iter=1000.0,
                                                random_state=12345),
                       cv=5)|onevsrestclassifier__n_jobs:1",all,Perception,Perception,4,0.009752093054745632,0.019871208870800718,0.014409018200936062,0.014347081805353825,0.021371639110053773,0.04002071284162469,0.0939528147824088,-0.0008720623813437251,0.0021262552838606824,-0.001691679735633804,-0.0026469065645524192,-0.003284930257755117,-0.004061053218166279,-0.005534962487547013,-0.003062899726895908,0.0019716015497721396,-0.001692934618446442,-0.01195631382351621,-0.0010433571472371938,0.0035656095168593808,0.0019265593818583084
11,0.6646828669040635,495,same,12,"memory:None|steps:[('standardscaler', StandardScaler()), ('onevsrestclassifier', OneVsRestClassifier(estimator=CalibratedClassifierCV(base_estimator=LinearSVC(class_weight='balanced',
                                                                              loss='squared_epsilon_insensitive',
                                                                              max_iter=1000.0,
                                                                              random_state=12345),
                                                     cv=5),
                    n_jobs=1))]|verbose:False|standardscaler:StandardScaler()|onevsrestclassifier:OneVsRestClassifier(estimator=CalibratedClassifierCV(base_estimator=LinearSVC(class_weight='balanced',
                                                                              loss='squared_epsilon_insensitive',
                                                                              max_iter=1000.0,
                                                                              random_state=12345),
                                                     cv=5),
                    n_jobs=1)|standardscaler__copy:True|standardscaler__with_mean:True|standardscaler__with_std:True|onevsrestclassifier__estimator__base_estimator__C:1.0|onevsrestclassifier__estimator__base_estimator__class_weight:balanced|onevsrestclassifier__estimator__base_estimator__dual:True|onevsrestclassifier__estimator__base_estimator__fit_intercept:True|onevsrestclassifier__estimator__base_estimator__intercept_scaling:1|onevsrestclassifier__estimator__base_estimator__loss:squared_epsilon_insensitive|onevsrestclassifier__estimator__base_estimator__max_iter:1000.0|onevsrestclassifier__estimator__base_estimator__multi_class:ovr|onevsrestclassifier__estimator__base_estimator__penalty:l2|onevsrestclassifier__estimator__base_estimator__random_state:12345|onevsrestclassifier__estimator__base_estimator__tol:0.0001|onevsrestclassifier__estimator__base_estimator__verbose:0|onevsrestclassifier__estimator__base_estimator:LinearSVC(class_weight='balanced', loss='squared_epsilon_insensitive',
          max_iter=1000.0, random_state=12345)|onevsrestclassifier__estimator__cv:5|onevsrestclassifier__estimator__ensemble:True|onevsrestclassifier__estimator__method:sigmoid|onevsrestclassifier__estimator__n_jobs:None|onevsrestclassifier__estimator:CalibratedClassifierCV(base_estimator=LinearSVC(class_weight='balanced',
                                                loss='squared_epsilon_insensitive',
                                                max_iter=1000.0,
                                                random_state=12345),
                       cv=5)|onevsrestclassifier__n_jobs:1",all,Perception,Perception,5,0.009278832154197284,0.019787921255242296,0.018177099641429596,0.019789442994561278,0.025306661910596377,0.04053659850322787,0.09493044567007311,-0.0007624968906892445,-0.0014095439328171513,0.0007635486138264456,0.00027233632114686304,-0.002448421138464324,-0.004932224624383268,-0.006053389519760163,-0.0064311925711775615,-0.0005920634560779378,0.002325735256671742,-0.01392534993972991,-0.002759595710213429,0.0075182135253562534,0.005446983906902642
12,0.5899445609340493,460,same,13,"memory:None|steps:[('standardscaler', StandardScaler()), ('onevsrestclassifier', OneVsRestClassifier(estimator=CalibratedClassifierCV(base_estimator=LinearSVC(C=10.0,
                                                                              class_weight='balanced',
                                                                              loss='squared_epsilon_insensitive',
                                                                              max_iter=1000.0,
                                                                              random_state=12345),
                                                     cv=5),
                    n_jobs=1))]|verbose:False|standardscaler:StandardScaler()|onevsrestclassifier:OneVsRestClassifier(estimator=CalibratedClassifierCV(base_estimator=LinearSVC(C=10.0,
                                                                              class_weight='balanced',
                                                                              loss='squared_epsilon_insensitive',
                                                                              max_iter=1000.0,
                                                                              random_state=12345),
                                                     cv=5),
                    n_jobs=1)|standardscaler__copy:True|standardscaler__with_mean:True|standardscaler__with_std:True|onevsrestclassifier__estimator__base_estimator__C:10.0|onevsrestclassifier__estimator__base_estimator__class_weight:balanced|onevsrestclassifier__estimator__base_estimator__dual:True|onevsrestclassifier__estimator__base_estimator__fit_intercept:True|onevsrestclassifier__estimator__base_estimator__intercept_scaling:1|onevsrestclassifier__estimator__base_estimator__loss:squared_epsilon_insensitive|onevsrestclassifier__estimator__base_estimator__max_iter:1000.0|onevsrestclassifier__estimator__base_estimator__multi_class:ovr|onevsrestclassifier__estimator__base_estimator__penalty:l2|onevsrestclassifier__estimator__base_estimator__random_state:12345|onevsrestclassifier__estimator__base_estimator__tol:0.0001|onevsrestclassifier__estimator__base_estimator__verbose:0|onevsrestclassifier__estimator__base_estimator:LinearSVC(C=10.0, class_weight='balanced', loss='squared_epsilon_insensitive',
          max_iter=1000.0, random_state=12345)|onevsrestclassifier__estimator__cv:5|onevsrestclassifier__estimator__ensemble:True|onevsrestclassifier__estimator__method:sigmoid|onevsrestclassifier__estimator__n_jobs:None|onevsrestclassifier__estimator:CalibratedClassifierCV(base_estimator=LinearSVC(C=10.0, class_weight='balanced',
                                                loss='squared_epsilon_insensitive',
                                                max_iter=1000.0,
                                                random_state=12345),
                       cv=5)|onevsrestclassifier__n_jobs:1",all,Perception,Perception,1,0.012850179046843572,0.016369262312452348,0.010517607764678432,0.02501931228912777,0.024440614195064284,0.026543232913698245,0.09306382348567127,0.006472650184084954,0.004032846571743922,0.005172707623002596,-0.0020978970799397276,-0.012723539028548317,-0.0009094589482197343,-0.005175030461783149,-0.008359898376654734,-0.012333810202391953,-9.333123931010907e-06,-0.013607858051080548,-0.009965926922963601,0.0032540650991495484,-0.005085694083021387
12,0.5899445609340493,460,same,13,"memory:None|steps:[('standardscaler', StandardScaler()), ('onevsrestclassifier', OneVsRestClassifier(estimator=CalibratedClassifierCV(base_estimator=LinearSVC(C=10.0,
                                                                              class_weight='balanced',
                                                                              loss='squared_epsilon_insensitive',
                                                                              max_iter=1000.0,
                                                                              random_state=12345),
                                                     cv=5),
                    n_jobs=1))]|verbose:False|standardscaler:StandardScaler()|onevsrestclassifier:OneVsRestClassifier(estimator=CalibratedClassifierCV(base_estimator=LinearSVC(C=10.0,
                                                                              class_weight='balanced',
                                                                              loss='squared_epsilon_insensitive',
                                                                              max_iter=1000.0,
                                                                              random_state=12345),
                                                     cv=5),
                    n_jobs=1)|standardscaler__copy:True|standardscaler__with_mean:True|standardscaler__with_std:True|onevsrestclassifier__estimator__base_estimator__C:10.0|onevsrestclassifier__estimator__base_estimator__class_weight:balanced|onevsrestclassifier__estimator__base_estimator__dual:True|onevsrestclassifier__estimator__base_estimator__fit_intercept:True|onevsrestclassifier__estimator__base_estimator__intercept_scaling:1|onevsrestclassifier__estimator__base_estimator__loss:squared_epsilon_insensitive|onevsrestclassifier__estimator__base_estimator__max_iter:1000.0|onevsrestclassifier__estimator__base_estimator__multi_class:ovr|onevsrestclassifier__estimator__base_estimator__penalty:l2|onevsrestclassifier__estimator__base_estimator__random_state:12345|onevsrestclassifier__estimator__base_estimator__tol:0.0001|onevsrestclassifier__estimator__base_estimator__verbose:0|onevsrestclassifier__estimator__base_estimator:LinearSVC(C=10.0, class_weight='balanced', loss='squared_epsilon_insensitive',
          max_iter=1000.0, random_state=12345)|onevsrestclassifier__estimator__cv:5|onevsrestclassifier__estimator__ensemble:True|onevsrestclassifier__estimator__method:sigmoid|onevsrestclassifier__estimator__n_jobs:None|onevsrestclassifier__estimator:CalibratedClassifierCV(base_estimator=LinearSVC(C=10.0, class_weight='balanced',
                                                loss='squared_epsilon_insensitive',
                                                max_iter=1000.0,
                                                random_state=12345),
                       cv=5)|onevsrestclassifier__n_jobs:1",all,Perception,Perception,2,0.010000511825704016,0.008409287360479233,0.015219485114387692,0.01863179286614751,0.006998695640984482,0.03284550302755711,0.09990232059230708,-0.007111102998392168,-0.0006902739698919659,-0.010342163713768207,-0.00402599778283073,-0.024413757381612743,-0.0030252763195647097,-0.012874587150109376,-0.013494245043261705,-0.01630188005886423,-0.005746900216611571,-0.01245454400527794,-0.007549923109189395,0.006685925515611412,-0.002851323125786457
12,0.5899445609340493,460,same,13,"memory:None|steps:[('standardscaler', StandardScaler()), ('onevsrestclassifier', OneVsRestClassifier(estimator=CalibratedClassifierCV(base_estimator=LinearSVC(C=10.0,
                                                                              class_weight='balanced',
                                                                              loss='squared_epsilon_insensitive',
                                                                              max_iter=1000.0,
                                                                              random_state=12345),
                                                     cv=5),
                    n_jobs=1))]|verbose:False|standardscaler:StandardScaler()|onevsrestclassifier:OneVsRestClassifier(estimator=CalibratedClassifierCV(base_estimator=LinearSVC(C=10.0,
                                                                              class_weight='balanced',
                                                                              loss='squared_epsilon_insensitive',
                                                                              max_iter=1000.0,
                                                                              random_state=12345),
                                                     cv=5),
                    n_jobs=1)|standardscaler__copy:True|standardscaler__with_mean:True|standardscaler__with_std:True|onevsrestclassifier__estimator__base_estimator__C:10.0|onevsrestclassifier__estimator__base_estimator__class_weight:balanced|onevsrestclassifier__estimator__base_estimator__dual:True|onevsrestclassifier__estimator__base_estimator__fit_intercept:True|onevsrestclassifier__estimator__base_estimator__intercept_scaling:1|onevsrestclassifier__estimator__base_estimator__loss:squared_epsilon_insensitive|onevsrestclassifier__estimator__base_estimator__max_iter:1000.0|onevsrestclassifier__estimator__base_estimator__multi_class:ovr|onevsrestclassifier__estimator__base_estimator__penalty:l2|onevsrestclassifier__estimator__base_estimator__random_state:12345|onevsrestclassifier__estimator__base_estimator__tol:0.0001|onevsrestclassifier__estimator__base_estimator__verbose:0|onevsrestclassifier__estimator__base_estimator:LinearSVC(C=10.0, class_weight='balanced', loss='squared_epsilon_insensitive',
          max_iter=1000.0, random_state=12345)|onevsrestclassifier__estimator__cv:5|onevsrestclassifier__estimator__ensemble:True|onevsrestclassifier__estimator__method:sigmoid|onevsrestclassifier__estimator__n_jobs:None|onevsrestclassifier__estimator:CalibratedClassifierCV(base_estimator=LinearSVC(C=10.0, class_weight='balanced',
                                                loss='squared_epsilon_insensitive',
                                                max_iter=1000.0,
                                                random_state=12345),
                       cv=5)|onevsrestclassifier__n_jobs:1",all,Perception,Perception,3,0.01133594018097688,0.02498098195470374,0.025097349518730477,0.026571994310443298,0.028554437643644535,0.04300096351163629,0.10357585698357015,-0.005730673571791782,0.0007548648891051696,0.011383462001943692,0.014508404636257079,0.0015391692275961222,0.006884395618500378,0.0026199339735493783,-0.0051649367229677,0.003584175100531341,0.0006090894176057934,-0.0025496161944888757,0.010102928866065836,0.005590024590735259,-0.0053187752166820364
12,0.5899445609340493,460,same,13,"memory:None|steps:[('standardscaler', StandardScaler()), ('onevsrestclassifier', OneVsRestClassifier(estimator=CalibratedClassifierCV(base_estimator=LinearSVC(C=10.0,
                                                                              class_weight='balanced',
                                                                              loss='squared_epsilon_insensitive',
                                                                              max_iter=1000.0,
                                                                              random_state=12345),
                                                     cv=5),
                    n_jobs=1))]|verbose:False|standardscaler:StandardScaler()|onevsrestclassifier:OneVsRestClassifier(estimator=CalibratedClassifierCV(base_estimator=LinearSVC(C=10.0,
                                                                              class_weight='balanced',
                                                                              loss='squared_epsilon_insensitive',
                                                                              max_iter=1000.0,
                                                                              random_state=12345),
                                                     cv=5),
                    n_jobs=1)|standardscaler__copy:True|standardscaler__with_mean:True|standardscaler__with_std:True|onevsrestclassifier__estimator__base_estimator__C:10.0|onevsrestclassifier__estimator__base_estimator__class_weight:balanced|onevsrestclassifier__estimator__base_estimator__dual:True|onevsrestclassifier__estimator__base_estimator__fit_intercept:True|onevsrestclassifier__estimator__base_estimator__intercept_scaling:1|onevsrestclassifier__estimator__base_estimator__loss:squared_epsilon_insensitive|onevsrestclassifier__estimator__base_estimator__max_iter:1000.0|onevsrestclassifier__estimator__base_estimator__multi_class:ovr|onevsrestclassifier__estimator__base_estimator__penalty:l2|onevsrestclassifier__estimator__base_estimator__random_state:12345|onevsrestclassifier__estimator__base_estimator__tol:0.0001|onevsrestclassifier__estimator__base_estimator__verbose:0|onevsrestclassifier__estimator__base_estimator:LinearSVC(C=10.0, class_weight='balanced', loss='squared_epsilon_insensitive',
          max_iter=1000.0, random_state=12345)|onevsrestclassifier__estimator__cv:5|onevsrestclassifier__estimator__ensemble:True|onevsrestclassifier__estimator__method:sigmoid|onevsrestclassifier__estimator__n_jobs:None|onevsrestclassifier__estimator:CalibratedClassifierCV(base_estimator=LinearSVC(C=10.0, class_weight='balanced',
                                                loss='squared_epsilon_insensitive',
                                                max_iter=1000.0,
                                                random_state=12345),
                       cv=5)|onevsrestclassifier__n_jobs:1",all,Perception,Perception,4,0.0075163572466265755,0.013437408878297637,0.024363593861996848,0.012553670998478081,0.022152782519810375,0.04452690062355979,0.09645432753838543,-0.009646186452670073,0.004445295387321262,0.004025436189637504,0.0035805839568800206,-0.014989581741679596,0.007490931931263989,-0.00855882677246808,-0.004633620156668664,0.004685767833873131,0.0010402336261661474,-0.012986006584179859,0.004871401548206514,0.001783282776069584,-0.0077678748400115925
12,0.5899445609340493,460,same,13,"memory:None|steps:[('standardscaler', StandardScaler()), ('onevsrestclassifier', OneVsRestClassifier(estimator=CalibratedClassifierCV(base_estimator=LinearSVC(C=10.0,
                                                                              class_weight='balanced',
                                                                              loss='squared_epsilon_insensitive',
                                                                              max_iter=1000.0,
                                                                              random_state=12345),
                                                     cv=5),
                    n_jobs=1))]|verbose:False|standardscaler:StandardScaler()|onevsrestclassifier:OneVsRestClassifier(estimator=CalibratedClassifierCV(base_estimator=LinearSVC(C=10.0,
                                                                              class_weight='balanced',
                                                                              loss='squared_epsilon_insensitive',
                                                                              max_iter=1000.0,
                                                                              random_state=12345),
                                                     cv=5),
                    n_jobs=1)|standardscaler__copy:True|standardscaler__with_mean:True|standardscaler__with_std:True|onevsrestclassifier__estimator__base_estimator__C:10.0|onevsrestclassifier__estimator__base_estimator__class_weight:balanced|onevsrestclassifier__estimator__base_estimator__dual:True|onevsrestclassifier__estimator__base_estimator__fit_intercept:True|onevsrestclassifier__estimator__base_estimator__intercept_scaling:1|onevsrestclassifier__estimator__base_estimator__loss:squared_epsilon_insensitive|onevsrestclassifier__estimator__base_estimator__max_iter:1000.0|onevsrestclassifier__estimator__base_estimator__multi_class:ovr|onevsrestclassifier__estimator__base_estimator__penalty:l2|onevsrestclassifier__estimator__base_estimator__random_state:12345|onevsrestclassifier__estimator__base_estimator__tol:0.0001|onevsrestclassifier__estimator__base_estimator__verbose:0|onevsrestclassifier__estimator__base_estimator:LinearSVC(C=10.0, class_weight='balanced', loss='squared_epsilon_insensitive',
          max_iter=1000.0, random_state=12345)|onevsrestclassifier__estimator__cv:5|onevsrestclassifier__estimator__ensemble:True|onevsrestclassifier__estimator__method:sigmoid|onevsrestclassifier__estimator__n_jobs:None|onevsrestclassifier__estimator:CalibratedClassifierCV(base_estimator=LinearSVC(C=10.0, class_weight='balanced',
                                                loss='squared_epsilon_insensitive',
                                                max_iter=1000.0,
                                                random_state=12345),
                       cv=5)|onevsrestclassifier__n_jobs:1",all,Perception,Perception,5,0.014681306374832045,0.026470256644693102,0.01810434039227355,0.026828700996008682,0.03636373284321247,0.035516686843634696,0.08638339221274743,-0.012958453627170796,-0.013504224208747632,0.00013546810931394128,0.008601481845077785,0.005581139915547472,-0.012098240558441992,-0.009314134306124969,-0.0013434459093094233,0.005821591830607409,0.015913416029598212,-0.017313479033816387,-0.0070218812196014505,0.004636843931774677,0.006783732306466996
13,0.6030811743534957,446,same,14,"memory:None|steps:[('standardscaler', StandardScaler()), ('onevsrestclassifier', OneVsRestClassifier(estimator=CalibratedClassifierCV(base_estimator=LinearSVC(class_weight='balanced',
                                                                              loss='squared_epsilon_insensitive',
                                                                              max_iter=1000.0,
                                                                              random_state=12345),
                                                     cv=5),
                    n_jobs=1))]|verbose:False|standardscaler:StandardScaler()|onevsrestclassifier:OneVsRestClassifier(estimator=CalibratedClassifierCV(base_estimator=LinearSVC(class_weight='balanced',
                                                                              loss='squared_epsilon_insensitive',
                                                                              max_iter=1000.0,
                                                                              random_state=12345),
                                                     cv=5),
                    n_jobs=1)|standardscaler__copy:True|standardscaler__with_mean:True|standardscaler__with_std:True|onevsrestclassifier__estimator__base_estimator__C:1.0|onevsrestclassifier__estimator__base_estimator__class_weight:balanced|onevsrestclassifier__estimator__base_estimator__dual:True|onevsrestclassifier__estimator__base_estimator__fit_intercept:True|onevsrestclassifier__estimator__base_estimator__intercept_scaling:1|onevsrestclassifier__estimator__base_estimator__loss:squared_epsilon_insensitive|onevsrestclassifier__estimator__base_estimator__max_iter:1000.0|onevsrestclassifier__estimator__base_estimator__multi_class:ovr|onevsrestclassifier__estimator__base_estimator__penalty:l2|onevsrestclassifier__estimator__base_estimator__random_state:12345|onevsrestclassifier__estimator__base_estimator__tol:0.0001|onevsrestclassifier__estimator__base_estimator__verbose:0|onevsrestclassifier__estimator__base_estimator:LinearSVC(class_weight='balanced', loss='squared_epsilon_insensitive',
          max_iter=1000.0, random_state=12345)|onevsrestclassifier__estimator__cv:5|onevsrestclassifier__estimator__ensemble:True|onevsrestclassifier__estimator__method:sigmoid|onevsrestclassifier__estimator__n_jobs:None|onevsrestclassifier__estimator:CalibratedClassifierCV(base_estimator=LinearSVC(class_weight='balanced',
                                                loss='squared_epsilon_insensitive',
                                                max_iter=1000.0,
                                                random_state=12345),
                       cv=5)|onevsrestclassifier__n_jobs:1",all,Perception,Perception,1,0.011730098501472148,0.02538109169516008,0.015551689747127492,0.02199603724200524,0.02379838099445169,0.037796221217895616,0.09765936834928798,0.0002596365847766382,-0.000808707658950542,0.0003527830490250871,-0.0026275030407271003,-0.004312697792052633,-0.006426852255066393,-0.005788163292849921,-0.005288330989586213,-0.003566080258090293,-0.004737538073826465,-0.006256936318115294,-0.0044627356667506736,-0.0009050548383614443,0.00041390627319192786
13,0.6030811743534957,446,same,14,"memory:None|steps:[('standardscaler', StandardScaler()), ('onevsrestclassifier', OneVsRestClassifier(estimator=CalibratedClassifierCV(base_estimator=LinearSVC(class_weight='balanced',
                                                                              loss='squared_epsilon_insensitive',
                                                                              max_iter=1000.0,
                                                                              random_state=12345),
                                                     cv=5),
                    n_jobs=1))]|verbose:False|standardscaler:StandardScaler()|onevsrestclassifier:OneVsRestClassifier(estimator=CalibratedClassifierCV(base_estimator=LinearSVC(class_weight='balanced',
                                                                              loss='squared_epsilon_insensitive',
                                                                              max_iter=1000.0,
                                                                              random_state=12345),
                                                     cv=5),
                    n_jobs=1)|standardscaler__copy:True|standardscaler__with_mean:True|standardscaler__with_std:True|onevsrestclassifier__estimator__base_estimator__C:1.0|onevsrestclassifier__estimator__base_estimator__class_weight:balanced|onevsrestclassifier__estimator__base_estimator__dual:True|onevsrestclassifier__estimator__base_estimator__fit_intercept:True|onevsrestclassifier__estimator__base_estimator__intercept_scaling:1|onevsrestclassifier__estimator__base_estimator__loss:squared_epsilon_insensitive|onevsrestclassifier__estimator__base_estimator__max_iter:1000.0|onevsrestclassifier__estimator__base_estimator__multi_class:ovr|onevsrestclassifier__estimator__base_estimator__penalty:l2|onevsrestclassifier__estimator__base_estimator__random_state:12345|onevsrestclassifier__estimator__base_estimator__tol:0.0001|onevsrestclassifier__estimator__base_estimator__verbose:0|onevsrestclassifier__estimator__base_estimator:LinearSVC(class_weight='balanced', loss='squared_epsilon_insensitive',
          max_iter=1000.0, random_state=12345)|onevsrestclassifier__estimator__cv:5|onevsrestclassifier__estimator__ensemble:True|onevsrestclassifier__estimator__method:sigmoid|onevsrestclassifier__estimator__n_jobs:None|onevsrestclassifier__estimator:CalibratedClassifierCV(base_estimator=LinearSVC(class_weight='balanced',
                                                loss='squared_epsilon_insensitive',
                                                max_iter=1000.0,
                                                random_state=12345),
                       cv=5)|onevsrestclassifier__n_jobs:1",all,Perception,Perception,2,0.009038749725719473,0.022079987219924456,0.01999887782619846,0.02145656222453071,0.020071566468512353,0.041482054971139846,0.09229891199769859,-0.004699734129929198,-0.0018643180741666863,-0.004264850085729252,-0.00355356790099928,-0.004175551536008686,-0.009049390603129285,-0.01096955642660478,-0.0076280305332976465,-0.0029043020116323575,-0.008189864929249885,-0.011539603220588357,-0.003339131372934852,0.004865616156920109,0.0038739756347673997
13,0.6030811743534957,446,same,14,"memory:None|steps:[('standardscaler', StandardScaler()), ('onevsrestclassifier', OneVsRestClassifier(estimator=CalibratedClassifierCV(base_estimator=LinearSVC(class_weight='balanced',
                                                                              loss='squared_epsilon_insensitive',
                                                                              max_iter=1000.0,
                                                                              random_state=12345),
                                                     cv=5),
                    n_jobs=1))]|verbose:False|standardscaler:StandardScaler()|onevsrestclassifier:OneVsRestClassifier(estimator=CalibratedClassifierCV(base_estimator=LinearSVC(class_weight='balanced',
                                                                              loss='squared_epsilon_insensitive',
                                                                              max_iter=1000.0,
                                                                              random_state=12345),
                                                     cv=5),
                    n_jobs=1)|standardscaler__copy:True|standardscaler__with_mean:True|standardscaler__with_std:True|onevsrestclassifier__estimator__base_estimator__C:1.0|onevsrestclassifier__estimator__base_estimator__class_weight:balanced|onevsrestclassifier__estimator__base_estimator__dual:True|onevsrestclassifier__estimator__base_estimator__fit_intercept:True|onevsrestclassifier__estimator__base_estimator__intercept_scaling:1|onevsrestclassifier__estimator__base_estimator__loss:squared_epsilon_insensitive|onevsrestclassifier__estimator__base_estimator__max_iter:1000.0|onevsrestclassifier__estimator__base_estimator__multi_class:ovr|onevsrestclassifier__estimator__base_estimator__penalty:l2|onevsrestclassifier__estimator__base_estimator__random_state:12345|onevsrestclassifier__estimator__base_estimator__tol:0.0001|onevsrestclassifier__estimator__base_estimator__verbose:0|onevsrestclassifier__estimator__base_estimator:LinearSVC(class_weight='balanced', loss='squared_epsilon_insensitive',
          max_iter=1000.0, random_state=12345)|onevsrestclassifier__estimator__cv:5|onevsrestclassifier__estimator__ensemble:True|onevsrestclassifier__estimator__method:sigmoid|onevsrestclassifier__estimator__n_jobs:None|onevsrestclassifier__estimator:CalibratedClassifierCV(base_estimator=LinearSVC(class_weight='balanced',
                                                loss='squared_epsilon_insensitive',
                                                max_iter=1000.0,
                                                random_state=12345),
                       cv=5)|onevsrestclassifier__n_jobs:1",all,Perception,Perception,3,0.011357035055665708,0.01851713953655429,0.014814922400787042,0.02072501199478044,0.020401197540026218,0.04134058753298321,0.09697528248546736,-0.0005839924837221344,0.0038538373653558113,0.005164987321062475,0.00457866548120048,0.0020050040899761193,0.00251592050408872,0.000565878169269418,0.005058791985202282,0.00465806708824003,0.00573064931785128,-0.0021748301242261745,0.002492763728723375,0.012718949750673952,0.0106786183065322
13,0.6030811743534957,446,same,14,"memory:None|steps:[('standardscaler', StandardScaler()), ('onevsrestclassifier', OneVsRestClassifier(estimator=CalibratedClassifierCV(base_estimator=LinearSVC(class_weight='balanced',
                                                                              loss='squared_epsilon_insensitive',
                                                                              max_iter=1000.0,
                                                                              random_state=12345),
                                                     cv=5),
                    n_jobs=1))]|verbose:False|standardscaler:StandardScaler()|onevsrestclassifier:OneVsRestClassifier(estimator=CalibratedClassifierCV(base_estimator=LinearSVC(class_weight='balanced',
                                                                              loss='squared_epsilon_insensitive',
                                                                              max_iter=1000.0,
                                                                              random_state=12345),
                                                     cv=5),
                    n_jobs=1)|standardscaler__copy:True|standardscaler__with_mean:True|standardscaler__with_std:True|onevsrestclassifier__estimator__base_estimator__C:1.0|onevsrestclassifier__estimator__base_estimator__class_weight:balanced|onevsrestclassifier__estimator__base_estimator__dual:True|onevsrestclassifier__estimator__base_estimator__fit_intercept:True|onevsrestclassifier__estimator__base_estimator__intercept_scaling:1|onevsrestclassifier__estimator__base_estimator__loss:squared_epsilon_insensitive|onevsrestclassifier__estimator__base_estimator__max_iter:1000.0|onevsrestclassifier__estimator__base_estimator__multi_class:ovr|onevsrestclassifier__estimator__base_estimator__penalty:l2|onevsrestclassifier__estimator__base_estimator__random_state:12345|onevsrestclassifier__estimator__base_estimator__tol:0.0001|onevsrestclassifier__estimator__base_estimator__verbose:0|onevsrestclassifier__estimator__base_estimator:LinearSVC(class_weight='balanced', loss='squared_epsilon_insensitive',
          max_iter=1000.0, random_state=12345)|onevsrestclassifier__estimator__cv:5|onevsrestclassifier__estimator__ensemble:True|onevsrestclassifier__estimator__method:sigmoid|onevsrestclassifier__estimator__n_jobs:None|onevsrestclassifier__estimator:CalibratedClassifierCV(base_estimator=LinearSVC(class_weight='balanced',
                                                loss='squared_epsilon_insensitive',
                                                max_iter=1000.0,
                                                random_state=12345),
                       cv=5)|onevsrestclassifier__n_jobs:1",all,Perception,Perception,4,0.009338749517163616,0.018558795677623682,0.012466244842087425,0.012754993604417198,0.020597520622126123,0.037506270411809754,0.09636408102865342,-0.0016776261864638153,0.0015178866162625967,-0.003456882584568556,-0.005048334542724883,-0.00526748780984858,-0.005138647600313768,-0.011151963895999734,-0.0066127312011035125,-0.002604809399113872,-0.005685530668231505,-0.01379121574137601,-0.000619963428994082,-0.0021749504313317534,0.0018032452833153453
13,0.6030811743534957,446,same,14,"memory:None|steps:[('standardscaler', StandardScaler()), ('onevsrestclassifier', OneVsRestClassifier(estimator=CalibratedClassifierCV(base_estimator=LinearSVC(class_weight='balanced',
                                                                              loss='squared_epsilon_insensitive',
                                                                              max_iter=1000.0,
                                                                              random_state=12345),
                                                     cv=5),
                    n_jobs=1))]|verbose:False|standardscaler:StandardScaler()|onevsrestclassifier:OneVsRestClassifier(estimator=CalibratedClassifierCV(base_estimator=LinearSVC(class_weight='balanced',
                                                                              loss='squared_epsilon_insensitive',
                                                                              max_iter=1000.0,
                                                                              random_state=12345),
                                                     cv=5),
                    n_jobs=1)|standardscaler__copy:True|standardscaler__with_mean:True|standardscaler__with_std:True|onevsrestclassifier__estimator__base_estimator__C:1.0|onevsrestclassifier__estimator__base_estimator__class_weight:balanced|onevsrestclassifier__estimator__base_estimator__dual:True|onevsrestclassifier__estimator__base_estimator__fit_intercept:True|onevsrestclassifier__estimator__base_estimator__intercept_scaling:1|onevsrestclassifier__estimator__base_estimator__loss:squared_epsilon_insensitive|onevsrestclassifier__estimator__base_estimator__max_iter:1000.0|onevsrestclassifier__estimator__base_estimator__multi_class:ovr|onevsrestclassifier__estimator__base_estimator__penalty:l2|onevsrestclassifier__estimator__base_estimator__random_state:12345|onevsrestclassifier__estimator__base_estimator__tol:0.0001|onevsrestclassifier__estimator__base_estimator__verbose:0|onevsrestclassifier__estimator__base_estimator:LinearSVC(class_weight='balanced', loss='squared_epsilon_insensitive',
          max_iter=1000.0, random_state=12345)|onevsrestclassifier__estimator__cv:5|onevsrestclassifier__estimator__ensemble:True|onevsrestclassifier__estimator__method:sigmoid|onevsrestclassifier__estimator__n_jobs:None|onevsrestclassifier__estimator:CalibratedClassifierCV(base_estimator=LinearSVC(class_weight='balanced',
                                                loss='squared_epsilon_insensitive',
                                                max_iter=1000.0,
                                                random_state=12345),
                       cv=5)|onevsrestclassifier__n_jobs:1",all,Perception,Perception,5,0.01107620503270115,0.02103514402890047,0.018392962871280106,0.019795621044398977,0.025916617137235337,0.039849817613864885,0.096411555640485,-9.236584497911192e-05,-0.0013979140856196215,0.0009222627150235232,-4.7714728040557254e-05,-0.0027481881295721906,-0.003860101474899477,-0.007698606033491821,-0.0084777854653198,-0.0037956958613724824,0.0006309304821274527,-0.013910576055642344,-0.0007496867806798195,0.004583389503325303,0.00589078261383618
14,0.6623349553506888,605,same,15,"memory:None|steps:[('standardscaler', StandardScaler()), ('onevsrestclassifier', OneVsRestClassifier(estimator=CalibratedClassifierCV(base_estimator=LinearSVC(class_weight='balanced',
                                                                              loss='squared_epsilon_insensitive',
                                                                              max_iter=1000.0,
                                                                              random_state=12345),
                                                     cv=5),
                    n_jobs=1))]|verbose:False|standardscaler:StandardScaler()|onevsrestclassifier:OneVsRestClassifier(estimator=CalibratedClassifierCV(base_estimator=LinearSVC(class_weight='balanced',
                                                                              loss='squared_epsilon_insensitive',
                                                                              max_iter=1000.0,
                                                                              random_state=12345),
                                                     cv=5),
                    n_jobs=1)|standardscaler__copy:True|standardscaler__with_mean:True|standardscaler__with_std:True|onevsrestclassifier__estimator__base_estimator__C:1.0|onevsrestclassifier__estimator__base_estimator__class_weight:balanced|onevsrestclassifier__estimator__base_estimator__dual:True|onevsrestclassifier__estimator__base_estimator__fit_intercept:True|onevsrestclassifier__estimator__base_estimator__intercept_scaling:1|onevsrestclassifier__estimator__base_estimator__loss:squared_epsilon_insensitive|onevsrestclassifier__estimator__base_estimator__max_iter:1000.0|onevsrestclassifier__estimator__base_estimator__multi_class:ovr|onevsrestclassifier__estimator__base_estimator__penalty:l2|onevsrestclassifier__estimator__base_estimator__random_state:12345|onevsrestclassifier__estimator__base_estimator__tol:0.0001|onevsrestclassifier__estimator__base_estimator__verbose:0|onevsrestclassifier__estimator__base_estimator:LinearSVC(class_weight='balanced', loss='squared_epsilon_insensitive',
          max_iter=1000.0, random_state=12345)|onevsrestclassifier__estimator__cv:5|onevsrestclassifier__estimator__ensemble:True|onevsrestclassifier__estimator__method:sigmoid|onevsrestclassifier__estimator__n_jobs:None|onevsrestclassifier__estimator:CalibratedClassifierCV(base_estimator=LinearSVC(class_weight='balanced',
                                                loss='squared_epsilon_insensitive',
                                                max_iter=1000.0,
                                                random_state=12345),
                       cv=5)|onevsrestclassifier__n_jobs:1",all,Perception,Perception,1,0.01251306726914147,0.02469531838613908,0.01687173751842201,0.021908364340070104,0.025652990395567343,0.039737361930940976,0.09632245495551679,-0.0024083374145321044,-0.0024113444211391597,-0.000619317433276418,-0.0016670341660823629,-0.005087846669278658,-0.005672569300106348,-0.0020130039235902015,-0.0037079672445230367,-0.001959110272700248,-0.0008896059358743934,-0.005676612546776561,-0.0033497294001489726,0.0028731756016457345,-0.0016803764235586124
14,0.6623349553506888,605,same,15,"memory:None|steps:[('standardscaler', StandardScaler()), ('onevsrestclassifier', OneVsRestClassifier(estimator=CalibratedClassifierCV(base_estimator=LinearSVC(class_weight='balanced',
                                                                              loss='squared_epsilon_insensitive',
                                                                              max_iter=1000.0,
                                                                              random_state=12345),
                                                     cv=5),
                    n_jobs=1))]|verbose:False|standardscaler:StandardScaler()|onevsrestclassifier:OneVsRestClassifier(estimator=CalibratedClassifierCV(base_estimator=LinearSVC(class_weight='balanced',
                                                                              loss='squared_epsilon_insensitive',
                                                                              max_iter=1000.0,
                                                                              random_state=12345),
                                                     cv=5),
                    n_jobs=1)|standardscaler__copy:True|standardscaler__with_mean:True|standardscaler__with_std:True|onevsrestclassifier__estimator__base_estimator__C:1.0|onevsrestclassifier__estimator__base_estimator__class_weight:balanced|onevsrestclassifier__estimator__base_estimator__dual:True|onevsrestclassifier__estimator__base_estimator__fit_intercept:True|onevsrestclassifier__estimator__base_estimator__intercept_scaling:1|onevsrestclassifier__estimator__base_estimator__loss:squared_epsilon_insensitive|onevsrestclassifier__estimator__base_estimator__max_iter:1000.0|onevsrestclassifier__estimator__base_estimator__multi_class:ovr|onevsrestclassifier__estimator__base_estimator__penalty:l2|onevsrestclassifier__estimator__base_estimator__random_state:12345|onevsrestclassifier__estimator__base_estimator__tol:0.0001|onevsrestclassifier__estimator__base_estimator__verbose:0|onevsrestclassifier__estimator__base_estimator:LinearSVC(class_weight='balanced', loss='squared_epsilon_insensitive',
          max_iter=1000.0, random_state=12345)|onevsrestclassifier__estimator__cv:5|onevsrestclassifier__estimator__ensemble:True|onevsrestclassifier__estimator__method:sigmoid|onevsrestclassifier__estimator__n_jobs:None|onevsrestclassifier__estimator:CalibratedClassifierCV(base_estimator=LinearSVC(class_weight='balanced',
                                                loss='squared_epsilon_insensitive',
                                                max_iter=1000.0,
                                                random_state=12345),
                       cv=5)|onevsrestclassifier__n_jobs:1",all,Perception,Perception,2,0.00932072297754748,0.021068072927553513,0.0209385515993346,0.02144948455037951,0.021960276022990596,0.04362259877851756,0.0909597475207669,-0.007220909058067974,-0.0032044584761043143,-0.00489745402979603,-0.0025823098773999236,-0.005290736784884697,-0.008008254151896942,-0.0070614231816211355,-0.0069211397633316355,-0.0012424361571386955,-0.004133559350874536,-0.010631017753261935,-0.0028079739368787283,0.008035212406194914,0.0024369432605315963
14,0.6623349553506888,605,same,15,"memory:None|steps:[('standardscaler', StandardScaler()), ('onevsrestclassifier', OneVsRestClassifier(estimator=CalibratedClassifierCV(base_estimator=LinearSVC(class_weight='balanced',
                                                                              loss='squared_epsilon_insensitive',
                                                                              max_iter=1000.0,
                                                                              random_state=12345),
                                                     cv=5),
                    n_jobs=1))]|verbose:False|standardscaler:StandardScaler()|onevsrestclassifier:OneVsRestClassifier(estimator=CalibratedClassifierCV(base_estimator=LinearSVC(class_weight='balanced',
                                                                              loss='squared_epsilon_insensitive',
                                                                              max_iter=1000.0,
                                                                              random_state=12345),
                                                     cv=5),
                    n_jobs=1)|standardscaler__copy:True|standardscaler__with_mean:True|standardscaler__with_std:True|onevsrestclassifier__estimator__base_estimator__C:1.0|onevsrestclassifier__estimator__base_estimator__class_weight:balanced|onevsrestclassifier__estimator__base_estimator__dual:True|onevsrestclassifier__estimator__base_estimator__fit_intercept:True|onevsrestclassifier__estimator__base_estimator__intercept_scaling:1|onevsrestclassifier__estimator__base_estimator__loss:squared_epsilon_insensitive|onevsrestclassifier__estimator__base_estimator__max_iter:1000.0|onevsrestclassifier__estimator__base_estimator__multi_class:ovr|onevsrestclassifier__estimator__base_estimator__penalty:l2|onevsrestclassifier__estimator__base_estimator__random_state:12345|onevsrestclassifier__estimator__base_estimator__tol:0.0001|onevsrestclassifier__estimator__base_estimator__verbose:0|onevsrestclassifier__estimator__base_estimator:LinearSVC(class_weight='balanced', loss='squared_epsilon_insensitive',
          max_iter=1000.0, random_state=12345)|onevsrestclassifier__estimator__cv:5|onevsrestclassifier__estimator__ensemble:True|onevsrestclassifier__estimator__method:sigmoid|onevsrestclassifier__estimator__n_jobs:None|onevsrestclassifier__estimator:CalibratedClassifierCV(base_estimator=LinearSVC(class_weight='balanced',
                                                loss='squared_epsilon_insensitive',
                                                max_iter=1000.0,
                                                random_state=12345),
                       cv=5)|onevsrestclassifier__n_jobs:1",all,Perception,Perception,3,0.009306562082682074,0.017664498387321533,0.014275166987449872,0.018021767398189573,0.022024554326314172,0.042061727517664446,0.09539607334472641,-0.001862847336487656,0.0027287668269081965,0.004040579209925959,0.004548961101096351,0.00027199142726366387,0.0012358337328774117,0.0009348416415162687,0.004024227581694329,0.003383144240220055,0.00459363965631334,-0.006221585896952977,0.0024668434513108995,0.013037677396133436,0.0076894604689329476
14,0.6623349553506888,605,same,15,"memory:None|steps:[('standardscaler', StandardScaler()), ('onevsrestclassifier', OneVsRestClassifier(estimator=CalibratedClassifierCV(base_estimator=LinearSVC(class_weight='balanced',
                                                                              loss='squared_epsilon_insensitive',
                                                                              max_iter=1000.0,
                                                                              random_state=12345),
                                                     cv=5),
                    n_jobs=1))]|verbose:False|standardscaler:StandardScaler()|onevsrestclassifier:OneVsRestClassifier(estimator=CalibratedClassifierCV(base_estimator=LinearSVC(class_weight='balanced',
                                                                              loss='squared_epsilon_insensitive',
                                                                              max_iter=1000.0,
                                                                              random_state=12345),
                                                     cv=5),
                    n_jobs=1)|standardscaler__copy:True|standardscaler__with_mean:True|standardscaler__with_std:True|onevsrestclassifier__estimator__base_estimator__C:1.0|onevsrestclassifier__estimator__base_estimator__class_weight:balanced|onevsrestclassifier__estimator__base_estimator__dual:True|onevsrestclassifier__estimator__base_estimator__fit_intercept:True|onevsrestclassifier__estimator__base_estimator__intercept_scaling:1|onevsrestclassifier__estimator__base_estimator__loss:squared_epsilon_insensitive|onevsrestclassifier__estimator__base_estimator__max_iter:1000.0|onevsrestclassifier__estimator__base_estimator__multi_class:ovr|onevsrestclassifier__estimator__base_estimator__penalty:l2|onevsrestclassifier__estimator__base_estimator__random_state:12345|onevsrestclassifier__estimator__base_estimator__tol:0.0001|onevsrestclassifier__estimator__base_estimator__verbose:0|onevsrestclassifier__estimator__base_estimator:LinearSVC(class_weight='balanced', loss='squared_epsilon_insensitive',
          max_iter=1000.0, random_state=12345)|onevsrestclassifier__estimator__cv:5|onevsrestclassifier__estimator__ensemble:True|onevsrestclassifier__estimator__method:sigmoid|onevsrestclassifier__estimator__n_jobs:None|onevsrestclassifier__estimator:CalibratedClassifierCV(base_estimator=LinearSVC(class_weight='balanced',
                                                loss='squared_epsilon_insensitive',
                                                max_iter=1000.0,
                                                random_state=12345),
                       cv=5)|onevsrestclassifier__n_jobs:1",all,Perception,Perception,4,0.012166912963525015,0.019547190077379442,0.015019684908526149,0.014976439249232986,0.021354034666864787,0.03908965101922094,0.09821494591434757,-0.003526611496567172,0.0009033306766767666,-0.003338067099665066,-0.0045356691504731825,-0.004957706263544395,-0.0042349793581754605,-0.008333934001238736,-0.003878741115693111,0.001476062774704384,-0.0004960979845826302,-0.009720659681613772,0.0006466289463644303,0.0011151029164765886,0.0031342247528703916
14,0.6623349553506888,605,same,15,"memory:None|steps:[('standardscaler', StandardScaler()), ('onevsrestclassifier', OneVsRestClassifier(estimator=CalibratedClassifierCV(base_estimator=LinearSVC(class_weight='balanced',
                                                                              loss='squared_epsilon_insensitive',
                                                                              max_iter=1000.0,
                                                                              random_state=12345),
                                                     cv=5),
                    n_jobs=1))]|verbose:False|standardscaler:StandardScaler()|onevsrestclassifier:OneVsRestClassifier(estimator=CalibratedClassifierCV(base_estimator=LinearSVC(class_weight='balanced',
                                                                              loss='squared_epsilon_insensitive',
                                                                              max_iter=1000.0,
                                                                              random_state=12345),
                                                     cv=5),
                    n_jobs=1)|standardscaler__copy:True|standardscaler__with_mean:True|standardscaler__with_std:True|onevsrestclassifier__estimator__base_estimator__C:1.0|onevsrestclassifier__estimator__base_estimator__class_weight:balanced|onevsrestclassifier__estimator__base_estimator__dual:True|onevsrestclassifier__estimator__base_estimator__fit_intercept:True|onevsrestclassifier__estimator__base_estimator__intercept_scaling:1|onevsrestclassifier__estimator__base_estimator__loss:squared_epsilon_insensitive|onevsrestclassifier__estimator__base_estimator__max_iter:1000.0|onevsrestclassifier__estimator__base_estimator__multi_class:ovr|onevsrestclassifier__estimator__base_estimator__penalty:l2|onevsrestclassifier__estimator__base_estimator__random_state:12345|onevsrestclassifier__estimator__base_estimator__tol:0.0001|onevsrestclassifier__estimator__base_estimator__verbose:0|onevsrestclassifier__estimator__base_estimator:LinearSVC(class_weight='balanced', loss='squared_epsilon_insensitive',
          max_iter=1000.0, random_state=12345)|onevsrestclassifier__estimator__cv:5|onevsrestclassifier__estimator__ensemble:True|onevsrestclassifier__estimator__method:sigmoid|onevsrestclassifier__estimator__n_jobs:None|onevsrestclassifier__estimator:CalibratedClassifierCV(base_estimator=LinearSVC(class_weight='balanced',
                                                loss='squared_epsilon_insensitive',
                                                max_iter=1000.0,
                                                random_state=12345),
                       cv=5)|onevsrestclassifier__n_jobs:1",all,Perception,Perception,5,0.011468979843914675,0.02004250681576933,0.019630611305661374,0.01944721870905073,0.028186844698078296,0.0417415150099503,0.0953556968232334,-0.003148917594185997,-0.0032310658248851875,0.00031409755876181085,0.000574965696642389,-0.0037996570447576634,-0.002928675234379051,-0.004307717200159535,-0.007169978406008209,-0.0025845349705831077,0.004577004634597154,-0.01384195986001494,0.00020032580936715677,0.007862958238916013,0.0036570786187079423
15,0.6053070145756545,445,same,16,"memory:None|steps:[('standardscaler', StandardScaler()), ('onevsrestclassifier', OneVsRestClassifier(estimator=CalibratedClassifierCV(base_estimator=LinearSVC(C=10.0,
                                                                              class_weight='balanced',
                                                                              loss='squared_epsilon_insensitive',
                                                                              max_iter=1000.0,
                                                                              random_state=12345),
                                                     cv=5),
                    n_jobs=1))]|verbose:False|standardscaler:StandardScaler()|onevsrestclassifier:OneVsRestClassifier(estimator=CalibratedClassifierCV(base_estimator=LinearSVC(C=10.0,
                                                                              class_weight='balanced',
                                                                              loss='squared_epsilon_insensitive',
                                                                              max_iter=1000.0,
                                                                              random_state=12345),
                                                     cv=5),
                    n_jobs=1)|standardscaler__copy:True|standardscaler__with_mean:True|standardscaler__with_std:True|onevsrestclassifier__estimator__base_estimator__C:10.0|onevsrestclassifier__estimator__base_estimator__class_weight:balanced|onevsrestclassifier__estimator__base_estimator__dual:True|onevsrestclassifier__estimator__base_estimator__fit_intercept:True|onevsrestclassifier__estimator__base_estimator__intercept_scaling:1|onevsrestclassifier__estimator__base_estimator__loss:squared_epsilon_insensitive|onevsrestclassifier__estimator__base_estimator__max_iter:1000.0|onevsrestclassifier__estimator__base_estimator__multi_class:ovr|onevsrestclassifier__estimator__base_estimator__penalty:l2|onevsrestclassifier__estimator__base_estimator__random_state:12345|onevsrestclassifier__estimator__base_estimator__tol:0.0001|onevsrestclassifier__estimator__base_estimator__verbose:0|onevsrestclassifier__estimator__base_estimator:LinearSVC(C=10.0, class_weight='balanced', loss='squared_epsilon_insensitive',
          max_iter=1000.0, random_state=12345)|onevsrestclassifier__estimator__cv:5|onevsrestclassifier__estimator__ensemble:True|onevsrestclassifier__estimator__method:sigmoid|onevsrestclassifier__estimator__n_jobs:None|onevsrestclassifier__estimator:CalibratedClassifierCV(base_estimator=LinearSVC(C=10.0, class_weight='balanced',
                                                loss='squared_epsilon_insensitive',
                                                max_iter=1000.0,
                                                random_state=12345),
                       cv=5)|onevsrestclassifier__n_jobs:1",all,Perception,Perception,1,0.008586346957625151,0.006786863335288265,0.025867722107688434,0.007164508926295871,0.0335545211021086,0.02620755669570936,0.09189497402702805,0.013449567177439895,-0.002970884968667724,-0.0018894786881409427,-0.01823938822789825,-0.01675983998575565,-0.014058178232594823,-0.014741169858139941,0.008926026407741839,-0.006725790207083525,-0.009179055920387893,-0.024287044528298184,-0.005113842613759851,0.018734066318173936,-0.0070445395666720815
15,0.6053070145756545,445,same,16,"memory:None|steps:[('standardscaler', StandardScaler()), ('onevsrestclassifier', OneVsRestClassifier(estimator=CalibratedClassifierCV(base_estimator=LinearSVC(C=10.0,
                                                                              class_weight='balanced',
                                                                              loss='squared_epsilon_insensitive',
                                                                              max_iter=1000.0,
                                                                              random_state=12345),
                                                     cv=5),
                    n_jobs=1))]|verbose:False|standardscaler:StandardScaler()|onevsrestclassifier:OneVsRestClassifier(estimator=CalibratedClassifierCV(base_estimator=LinearSVC(C=10.0,
                                                                              class_weight='balanced',
                                                                              loss='squared_epsilon_insensitive',
                                                                              max_iter=1000.0,
                                                                              random_state=12345),
                                                     cv=5),
                    n_jobs=1)|standardscaler__copy:True|standardscaler__with_mean:True|standardscaler__with_std:True|onevsrestclassifier__estimator__base_estimator__C:10.0|onevsrestclassifier__estimator__base_estimator__class_weight:balanced|onevsrestclassifier__estimator__base_estimator__dual:True|onevsrestclassifier__estimator__base_estimator__fit_intercept:True|onevsrestclassifier__estimator__base_estimator__intercept_scaling:1|onevsrestclassifier__estimator__base_estimator__loss:squared_epsilon_insensitive|onevsrestclassifier__estimator__base_estimator__max_iter:1000.0|onevsrestclassifier__estimator__base_estimator__multi_class:ovr|onevsrestclassifier__estimator__base_estimator__penalty:l2|onevsrestclassifier__estimator__base_estimator__random_state:12345|onevsrestclassifier__estimator__base_estimator__tol:0.0001|onevsrestclassifier__estimator__base_estimator__verbose:0|onevsrestclassifier__estimator__base_estimator:LinearSVC(C=10.0, class_weight='balanced', loss='squared_epsilon_insensitive',
          max_iter=1000.0, random_state=12345)|onevsrestclassifier__estimator__cv:5|onevsrestclassifier__estimator__ensemble:True|onevsrestclassifier__estimator__method:sigmoid|onevsrestclassifier__estimator__n_jobs:None|onevsrestclassifier__estimator:CalibratedClassifierCV(base_estimator=LinearSVC(C=10.0, class_weight='balanced',
                                                loss='squared_epsilon_insensitive',
                                                max_iter=1000.0,
                                                random_state=12345),
                       cv=5)|onevsrestclassifier__n_jobs:1",all,Perception,Perception,2,0.004395598952021391,-0.006285731146482043,0.010585420095395546,0.019095483371999997,0.020653089953633616,0.034780060990346806,0.08297829682198064,-0.005616030444108244,0.008246243610783454,-0.016427969042685675,-0.008971440532138797,-0.020935317066189462,-0.007279172761535842,-0.020408425745226524,0.008998380580795108,0.010736634549940074,-0.005799057938701685,-0.030336100145317114,0.003328664127460483,0.009930546006250218,0.005271883199688183
15,0.6053070145756545,445,same,16,"memory:None|steps:[('standardscaler', StandardScaler()), ('onevsrestclassifier', OneVsRestClassifier(estimator=CalibratedClassifierCV(base_estimator=LinearSVC(C=10.0,
                                                                              class_weight='balanced',
                                                                              loss='squared_epsilon_insensitive',
                                                                              max_iter=1000.0,
                                                                              random_state=12345),
                                                     cv=5),
                    n_jobs=1))]|verbose:False|standardscaler:StandardScaler()|onevsrestclassifier:OneVsRestClassifier(estimator=CalibratedClassifierCV(base_estimator=LinearSVC(C=10.0,
                                                                              class_weight='balanced',
                                                                              loss='squared_epsilon_insensitive',
                                                                              max_iter=1000.0,
                                                                              random_state=12345),
                                                     cv=5),
                    n_jobs=1)|standardscaler__copy:True|standardscaler__with_mean:True|standardscaler__with_std:True|onevsrestclassifier__estimator__base_estimator__C:10.0|onevsrestclassifier__estimator__base_estimator__class_weight:balanced|onevsrestclassifier__estimator__base_estimator__dual:True|onevsrestclassifier__estimator__base_estimator__fit_intercept:True|onevsrestclassifier__estimator__base_estimator__intercept_scaling:1|onevsrestclassifier__estimator__base_estimator__loss:squared_epsilon_insensitive|onevsrestclassifier__estimator__base_estimator__max_iter:1000.0|onevsrestclassifier__estimator__base_estimator__multi_class:ovr|onevsrestclassifier__estimator__base_estimator__penalty:l2|onevsrestclassifier__estimator__base_estimator__random_state:12345|onevsrestclassifier__estimator__base_estimator__tol:0.0001|onevsrestclassifier__estimator__base_estimator__verbose:0|onevsrestclassifier__estimator__base_estimator:LinearSVC(C=10.0, class_weight='balanced', loss='squared_epsilon_insensitive',
          max_iter=1000.0, random_state=12345)|onevsrestclassifier__estimator__cv:5|onevsrestclassifier__estimator__ensemble:True|onevsrestclassifier__estimator__method:sigmoid|onevsrestclassifier__estimator__n_jobs:None|onevsrestclassifier__estimator:CalibratedClassifierCV(base_estimator=LinearSVC(C=10.0, class_weight='balanced',
                                                loss='squared_epsilon_insensitive',
                                                max_iter=1000.0,
                                                random_state=12345),
                       cv=5)|onevsrestclassifier__n_jobs:1",all,Perception,Perception,3,0.011698113228587775,-0.0003252694824338794,0.007203173985087381,0.0014341844711551494,0.042184378027450516,0.039866338959876874,0.09514483858190564,-0.024117870711775964,0.02405499965131044,0.002758944393171909,-0.0013610842687843167,-0.014491451129735121,-0.010631518865394745,-0.009483296564756013,0.023570722686404744,0.005006923418487263,-0.00816724766410588,0.00042364581089843504,-0.00951214692127062,-0.00031949203367191237,0.004792454710340624
15,0.6053070145756545,445,same,16,"memory:None|steps:[('standardscaler', StandardScaler()), ('onevsrestclassifier', OneVsRestClassifier(estimator=CalibratedClassifierCV(base_estimator=LinearSVC(C=10.0,
                                                                              class_weight='balanced',
                                                                              loss='squared_epsilon_insensitive',
                                                                              max_iter=1000.0,
                                                                              random_state=12345),
                                                     cv=5),
                    n_jobs=1))]|verbose:False|standardscaler:StandardScaler()|onevsrestclassifier:OneVsRestClassifier(estimator=CalibratedClassifierCV(base_estimator=LinearSVC(C=10.0,
                                                                              class_weight='balanced',
                                                                              loss='squared_epsilon_insensitive',
                                                                              max_iter=1000.0,
                                                                              random_state=12345),
                                                     cv=5),
                    n_jobs=1)|standardscaler__copy:True|standardscaler__with_mean:True|standardscaler__with_std:True|onevsrestclassifier__estimator__base_estimator__C:10.0|onevsrestclassifier__estimator__base_estimator__class_weight:balanced|onevsrestclassifier__estimator__base_estimator__dual:True|onevsrestclassifier__estimator__base_estimator__fit_intercept:True|onevsrestclassifier__estimator__base_estimator__intercept_scaling:1|onevsrestclassifier__estimator__base_estimator__loss:squared_epsilon_insensitive|onevsrestclassifier__estimator__base_estimator__max_iter:1000.0|onevsrestclassifier__estimator__base_estimator__multi_class:ovr|onevsrestclassifier__estimator__base_estimator__penalty:l2|onevsrestclassifier__estimator__base_estimator__random_state:12345|onevsrestclassifier__estimator__base_estimator__tol:0.0001|onevsrestclassifier__estimator__base_estimator__verbose:0|onevsrestclassifier__estimator__base_estimator:LinearSVC(C=10.0, class_weight='balanced', loss='squared_epsilon_insensitive',
          max_iter=1000.0, random_state=12345)|onevsrestclassifier__estimator__cv:5|onevsrestclassifier__estimator__ensemble:True|onevsrestclassifier__estimator__method:sigmoid|onevsrestclassifier__estimator__n_jobs:None|onevsrestclassifier__estimator:CalibratedClassifierCV(base_estimator=LinearSVC(C=10.0, class_weight='balanced',
                                                loss='squared_epsilon_insensitive',
                                                max_iter=1000.0,
                                                random_state=12345),
                       cv=5)|onevsrestclassifier__n_jobs:1",all,Perception,Perception,4,0.015481314874049424,0.012330890951268924,0.01647871477932661,0.005594694081792627,0.0369560762638912,0.04118782573338474,0.08980621825049191,-0.034283530547603046,0.006612192035636908,-0.011942259242874759,-0.0058741780751467056,-0.018138540473755904,-0.021157713676589748,-0.009538037333398237,0.012450254841305327,0.017301780085378114,0.000497665305896539,-0.004511411044257455,-0.015215960128452269,-0.011722769161300146,-0.0020447295865566612
15,0.6053070145756545,445,same,16,"memory:None|steps:[('standardscaler', StandardScaler()), ('onevsrestclassifier', OneVsRestClassifier(estimator=CalibratedClassifierCV(base_estimator=LinearSVC(C=10.0,
                                                                              class_weight='balanced',
                                                                              loss='squared_epsilon_insensitive',
                                                                              max_iter=1000.0,
                                                                              random_state=12345),
                                                     cv=5),
                    n_jobs=1))]|verbose:False|standardscaler:StandardScaler()|onevsrestclassifier:OneVsRestClassifier(estimator=CalibratedClassifierCV(base_estimator=LinearSVC(C=10.0,
                                                                              class_weight='balanced',
                                                                              loss='squared_epsilon_insensitive',
                                                                              max_iter=1000.0,
                                                                              random_state=12345),
                                                     cv=5),
                    n_jobs=1)|standardscaler__copy:True|standardscaler__with_mean:True|standardscaler__with_std:True|onevsrestclassifier__estimator__base_estimator__C:10.0|onevsrestclassifier__estimator__base_estimator__class_weight:balanced|onevsrestclassifier__estimator__base_estimator__dual:True|onevsrestclassifier__estimator__base_estimator__fit_intercept:True|onevsrestclassifier__estimator__base_estimator__intercept_scaling:1|onevsrestclassifier__estimator__base_estimator__loss:squared_epsilon_insensitive|onevsrestclassifier__estimator__base_estimator__max_iter:1000.0|onevsrestclassifier__estimator__base_estimator__multi_class:ovr|onevsrestclassifier__estimator__base_estimator__penalty:l2|onevsrestclassifier__estimator__base_estimator__random_state:12345|onevsrestclassifier__estimator__base_estimator__tol:0.0001|onevsrestclassifier__estimator__base_estimator__verbose:0|onevsrestclassifier__estimator__base_estimator:LinearSVC(C=10.0, class_weight='balanced', loss='squared_epsilon_insensitive',
          max_iter=1000.0, random_state=12345)|onevsrestclassifier__estimator__cv:5|onevsrestclassifier__estimator__ensemble:True|onevsrestclassifier__estimator__method:sigmoid|onevsrestclassifier__estimator__n_jobs:None|onevsrestclassifier__estimator:CalibratedClassifierCV(base_estimator=LinearSVC(C=10.0, class_weight='balanced',
                                                loss='squared_epsilon_insensitive',
                                                max_iter=1000.0,
                                                random_state=12345),
                       cv=5)|onevsrestclassifier__n_jobs:1",all,Perception,Perception,5,0.032000841150978926,0.042693403832167506,0.024893239657204722,0.014094145833192623,0.0346552287098793,0.02722167022677529,0.07847009625140446,-0.01838265044437104,-0.001010349630535928,0.006766169886066703,-0.014050777625244837,0.0019419349465396077,-0.007533326380734531,-0.011476569599787354,-0.01281535429655019,0.01080846746242313,0.00031419061036649704,-0.027274594448127795,-0.0019658416820266876,-4.744065485273827e-06,0.02329129759725647
16,0.5910429137280111,432,same,17,"memory:None|steps:[('standardscaler', StandardScaler()), ('onevsrestclassifier', OneVsRestClassifier(estimator=CalibratedClassifierCV(base_estimator=LinearSVC(class_weight='balanced',
                                                                              loss='squared_epsilon_insensitive',
                                                                              max_iter=1000.0,
                                                                              random_state=12345),
                                                     cv=5),
                    n_jobs=1))]|verbose:False|standardscaler:StandardScaler()|onevsrestclassifier:OneVsRestClassifier(estimator=CalibratedClassifierCV(base_estimator=LinearSVC(class_weight='balanced',
                                                                              loss='squared_epsilon_insensitive',
                                                                              max_iter=1000.0,
                                                                              random_state=12345),
                                                     cv=5),
                    n_jobs=1)|standardscaler__copy:True|standardscaler__with_mean:True|standardscaler__with_std:True|onevsrestclassifier__estimator__base_estimator__C:1.0|onevsrestclassifier__estimator__base_estimator__class_weight:balanced|onevsrestclassifier__estimator__base_estimator__dual:True|onevsrestclassifier__estimator__base_estimator__fit_intercept:True|onevsrestclassifier__estimator__base_estimator__intercept_scaling:1|onevsrestclassifier__estimator__base_estimator__loss:squared_epsilon_insensitive|onevsrestclassifier__estimator__base_estimator__max_iter:1000.0|onevsrestclassifier__estimator__base_estimator__multi_class:ovr|onevsrestclassifier__estimator__base_estimator__penalty:l2|onevsrestclassifier__estimator__base_estimator__random_state:12345|onevsrestclassifier__estimator__base_estimator__tol:0.0001|onevsrestclassifier__estimator__base_estimator__verbose:0|onevsrestclassifier__estimator__base_estimator:LinearSVC(class_weight='balanced', loss='squared_epsilon_insensitive',
          max_iter=1000.0, random_state=12345)|onevsrestclassifier__estimator__cv:5|onevsrestclassifier__estimator__ensemble:True|onevsrestclassifier__estimator__method:sigmoid|onevsrestclassifier__estimator__n_jobs:None|onevsrestclassifier__estimator:CalibratedClassifierCV(base_estimator=LinearSVC(class_weight='balanced',
                                                loss='squared_epsilon_insensitive',
                                                max_iter=1000.0,
                                                random_state=12345),
                       cv=5)|onevsrestclassifier__n_jobs:1",all,Perception,Perception,1,0.012051076985814107,0.028429733447813684,0.016415003396089096,0.020852290135692644,0.024437369735956248,0.03864647102149367,0.09703608254993704,0.0008051703346724432,-0.0008762578544805005,-0.001989465922769217,-0.0021997956520878417,-0.003998359314087692,-0.007877053800119153,-0.005077429374789447,-0.004096459694987966,0.0005391933693908182,-0.001256507523726938,-0.006839991849830725,-0.004955290538839568,0.0013037837826168762,-0.0012648248065735834
16,0.5910429137280111,432,same,17,"memory:None|steps:[('standardscaler', StandardScaler()), ('onevsrestclassifier', OneVsRestClassifier(estimator=CalibratedClassifierCV(base_estimator=LinearSVC(class_weight='balanced',
                                                                              loss='squared_epsilon_insensitive',
                                                                              max_iter=1000.0,
                                                                              random_state=12345),
                                                     cv=5),
                    n_jobs=1))]|verbose:False|standardscaler:StandardScaler()|onevsrestclassifier:OneVsRestClassifier(estimator=CalibratedClassifierCV(base_estimator=LinearSVC(class_weight='balanced',
                                                                              loss='squared_epsilon_insensitive',
                                                                              max_iter=1000.0,
                                                                              random_state=12345),
                                                     cv=5),
                    n_jobs=1)|standardscaler__copy:True|standardscaler__with_mean:True|standardscaler__with_std:True|onevsrestclassifier__estimator__base_estimator__C:1.0|onevsrestclassifier__estimator__base_estimator__class_weight:balanced|onevsrestclassifier__estimator__base_estimator__dual:True|onevsrestclassifier__estimator__base_estimator__fit_intercept:True|onevsrestclassifier__estimator__base_estimator__intercept_scaling:1|onevsrestclassifier__estimator__base_estimator__loss:squared_epsilon_insensitive|onevsrestclassifier__estimator__base_estimator__max_iter:1000.0|onevsrestclassifier__estimator__base_estimator__multi_class:ovr|onevsrestclassifier__estimator__base_estimator__penalty:l2|onevsrestclassifier__estimator__base_estimator__random_state:12345|onevsrestclassifier__estimator__base_estimator__tol:0.0001|onevsrestclassifier__estimator__base_estimator__verbose:0|onevsrestclassifier__estimator__base_estimator:LinearSVC(class_weight='balanced', loss='squared_epsilon_insensitive',
          max_iter=1000.0, random_state=12345)|onevsrestclassifier__estimator__cv:5|onevsrestclassifier__estimator__ensemble:True|onevsrestclassifier__estimator__method:sigmoid|onevsrestclassifier__estimator__n_jobs:None|onevsrestclassifier__estimator:CalibratedClassifierCV(base_estimator=LinearSVC(class_weight='balanced',
                                                loss='squared_epsilon_insensitive',
                                                max_iter=1000.0,
                                                random_state=12345),
                       cv=5)|onevsrestclassifier__n_jobs:1",all,Perception,Perception,2,0.008180818726889947,0.024138714654259322,0.01911961709733303,0.021203545096137387,0.02096369013007416,0.04241903494290012,0.09216222391133959,-0.0040466058137377066,-0.0020783763959510704,-0.006891041576474648,-0.004034214842809894,-0.005862392025661994,-0.01098694326041054,-0.010656464643312802,-0.006846704659620407,-0.0005011447326307831,-0.005847868607493215,-0.012592195682712914,-0.005475168745946105,0.0067385667041316485,0.0028025332508419686
16,0.5910429137280111,432,same,17,"memory:None|steps:[('standardscaler', StandardScaler()), ('onevsrestclassifier', OneVsRestClassifier(estimator=CalibratedClassifierCV(base_estimator=LinearSVC(class_weight='balanced',
                                                                              loss='squared_epsilon_insensitive',
                                                                              max_iter=1000.0,
                                                                              random_state=12345),
                                                     cv=5),
                    n_jobs=1))]|verbose:False|standardscaler:StandardScaler()|onevsrestclassifier:OneVsRestClassifier(estimator=CalibratedClassifierCV(base_estimator=LinearSVC(class_weight='balanced',
                                                                              loss='squared_epsilon_insensitive',
                                                                              max_iter=1000.0,
                                                                              random_state=12345),
                                                     cv=5),
                    n_jobs=1)|standardscaler__copy:True|standardscaler__with_mean:True|standardscaler__with_std:True|onevsrestclassifier__estimator__base_estimator__C:1.0|onevsrestclassifier__estimator__base_estimator__class_weight:balanced|onevsrestclassifier__estimator__base_estimator__dual:True|onevsrestclassifier__estimator__base_estimator__fit_intercept:True|onevsrestclassifier__estimator__base_estimator__intercept_scaling:1|onevsrestclassifier__estimator__base_estimator__loss:squared_epsilon_insensitive|onevsrestclassifier__estimator__base_estimator__max_iter:1000.0|onevsrestclassifier__estimator__base_estimator__multi_class:ovr|onevsrestclassifier__estimator__base_estimator__penalty:l2|onevsrestclassifier__estimator__base_estimator__random_state:12345|onevsrestclassifier__estimator__base_estimator__tol:0.0001|onevsrestclassifier__estimator__base_estimator__verbose:0|onevsrestclassifier__estimator__base_estimator:LinearSVC(class_weight='balanced', loss='squared_epsilon_insensitive',
          max_iter=1000.0, random_state=12345)|onevsrestclassifier__estimator__cv:5|onevsrestclassifier__estimator__ensemble:True|onevsrestclassifier__estimator__method:sigmoid|onevsrestclassifier__estimator__n_jobs:None|onevsrestclassifier__estimator:CalibratedClassifierCV(base_estimator=LinearSVC(class_weight='balanced',
                                                loss='squared_epsilon_insensitive',
                                                max_iter=1000.0,
                                                random_state=12345),
                       cv=5)|onevsrestclassifier__n_jobs:1",all,Perception,Perception,3,0.008034445677590344,0.019391634113622113,0.012693764878164714,0.01744800797994141,0.021497024106717662,0.04119131203756057,0.09715817789243456,0.0021146691787364883,0.007159450892867091,0.004168310485285207,0.004370728371556025,0.0015938603750376536,-0.0004437720178849525,-0.0003229567952216517,0.0023541596088318445,0.005448556229576537,0.0036907820720739164,-0.007548324715216428,0.0009244930518235775,0.010999881820141173,0.010082939600748284
16,0.5910429137280111,432,same,17,"memory:None|steps:[('standardscaler', StandardScaler()), ('onevsrestclassifier', OneVsRestClassifier(estimator=CalibratedClassifierCV(base_estimator=LinearSVC(class_weight='balanced',
                                                                              loss='squared_epsilon_insensitive',
                                                                              max_iter=1000.0,
                                                                              random_state=12345),
                                                     cv=5),
                    n_jobs=1))]|verbose:False|standardscaler:StandardScaler()|onevsrestclassifier:OneVsRestClassifier(estimator=CalibratedClassifierCV(base_estimator=LinearSVC(class_weight='balanced',
                                                                              loss='squared_epsilon_insensitive',
                                                                              max_iter=1000.0,
                                                                              random_state=12345),
                                                     cv=5),
                    n_jobs=1)|standardscaler__copy:True|standardscaler__with_mean:True|standardscaler__with_std:True|onevsrestclassifier__estimator__base_estimator__C:1.0|onevsrestclassifier__estimator__base_estimator__class_weight:balanced|onevsrestclassifier__estimator__base_estimator__dual:True|onevsrestclassifier__estimator__base_estimator__fit_intercept:True|onevsrestclassifier__estimator__base_estimator__intercept_scaling:1|onevsrestclassifier__estimator__base_estimator__loss:squared_epsilon_insensitive|onevsrestclassifier__estimator__base_estimator__max_iter:1000.0|onevsrestclassifier__estimator__base_estimator__multi_class:ovr|onevsrestclassifier__estimator__base_estimator__penalty:l2|onevsrestclassifier__estimator__base_estimator__random_state:12345|onevsrestclassifier__estimator__base_estimator__tol:0.0001|onevsrestclassifier__estimator__base_estimator__verbose:0|onevsrestclassifier__estimator__base_estimator:LinearSVC(class_weight='balanced', loss='squared_epsilon_insensitive',
          max_iter=1000.0, random_state=12345)|onevsrestclassifier__estimator__cv:5|onevsrestclassifier__estimator__ensemble:True|onevsrestclassifier__estimator__method:sigmoid|onevsrestclassifier__estimator__n_jobs:None|onevsrestclassifier__estimator:CalibratedClassifierCV(base_estimator=LinearSVC(class_weight='balanced',
                                                loss='squared_epsilon_insensitive',
                                                max_iter=1000.0,
                                                random_state=12345),
                       cv=5)|onevsrestclassifier__n_jobs:1",all,Perception,Perception,4,0.013705581042377644,0.021180681603027954,0.015358775847439525,0.015566093867295057,0.022158518585621727,0.04003627257945423,0.09771502908118006,-0.0044450661343433655,-0.0011469622611292444,-0.003915454870027239,-0.00512461594579465,-0.005952218044167461,-0.004433740019678258,-0.009267959105027286,-0.002468760717733673,0.0018108254221027053,-0.0004782445924993746,-0.008805752043165693,0.0012563622138701113,0.0016941120441999143,0.0021816334336528707
16,0.5910429137280111,432,same,17,"memory:None|steps:[('standardscaler', StandardScaler()), ('onevsrestclassifier', OneVsRestClassifier(estimator=CalibratedClassifierCV(base_estimator=LinearSVC(class_weight='balanced',
                                                                              loss='squared_epsilon_insensitive',
                                                                              max_iter=1000.0,
                                                                              random_state=12345),
                                                     cv=5),
                    n_jobs=1))]|verbose:False|standardscaler:StandardScaler()|onevsrestclassifier:OneVsRestClassifier(estimator=CalibratedClassifierCV(base_estimator=LinearSVC(class_weight='balanced',
                                                                              loss='squared_epsilon_insensitive',
                                                                              max_iter=1000.0,
                                                                              random_state=12345),
                                                     cv=5),
                    n_jobs=1)|standardscaler__copy:True|standardscaler__with_mean:True|standardscaler__with_std:True|onevsrestclassifier__estimator__base_estimator__C:1.0|onevsrestclassifier__estimator__base_estimator__class_weight:balanced|onevsrestclassifier__estimator__base_estimator__dual:True|onevsrestclassifier__estimator__base_estimator__fit_intercept:True|onevsrestclassifier__estimator__base_estimator__intercept_scaling:1|onevsrestclassifier__estimator__base_estimator__loss:squared_epsilon_insensitive|onevsrestclassifier__estimator__base_estimator__max_iter:1000.0|onevsrestclassifier__estimator__base_estimator__multi_class:ovr|onevsrestclassifier__estimator__base_estimator__penalty:l2|onevsrestclassifier__estimator__base_estimator__random_state:12345|onevsrestclassifier__estimator__base_estimator__tol:0.0001|onevsrestclassifier__estimator__base_estimator__verbose:0|onevsrestclassifier__estimator__base_estimator:LinearSVC(class_weight='balanced', loss='squared_epsilon_insensitive',
          max_iter=1000.0, random_state=12345)|onevsrestclassifier__estimator__cv:5|onevsrestclassifier__estimator__ensemble:True|onevsrestclassifier__estimator__method:sigmoid|onevsrestclassifier__estimator__n_jobs:None|onevsrestclassifier__estimator:CalibratedClassifierCV(base_estimator=LinearSVC(class_weight='balanced',
                                                loss='squared_epsilon_insensitive',
                                                max_iter=1000.0,
                                                random_state=12345),
                       cv=5)|onevsrestclassifier__n_jobs:1",all,Perception,Perception,5,0.010594309510421954,0.023212348857679914,0.017777575805715557,0.01860929783963203,0.0268710877141812,0.04026175163953401,0.09578242004391636,3.346206210835813e-05,-0.0010586050351923712,-0.0009124195808647416,-0.000157113598825884,-0.0033324542853158013,-0.005303958554168005,-0.006848176832986783,-0.007319978376939806,-0.00017536084231152584,0.0031341967021518923,-0.014286159947562403,-0.0015804931444251033,0.006189755507697352,0.00444348382086081
17,0.6368329112859739,604,same,18,"memory:None|steps:[('standardscaler', StandardScaler()), ('onevsrestclassifier', OneVsRestClassifier(estimator=CalibratedClassifierCV(base_estimator=LinearSVC(C=10.0,
                                                                              class_weight='balanced',
                                                                              loss='squared_epsilon_insensitive',
                                                                              max_iter=1000.0,
                                                                              random_state=12345),
                                                     cv=5),
                    n_jobs=1))]|verbose:False|standardscaler:StandardScaler()|onevsrestclassifier:OneVsRestClassifier(estimator=CalibratedClassifierCV(base_estimator=LinearSVC(C=10.0,
                                                                              class_weight='balanced',
                                                                              loss='squared_epsilon_insensitive',
                                                                              max_iter=1000.0,
                                                                              random_state=12345),
                                                     cv=5),
                    n_jobs=1)|standardscaler__copy:True|standardscaler__with_mean:True|standardscaler__with_std:True|onevsrestclassifier__estimator__base_estimator__C:10.0|onevsrestclassifier__estimator__base_estimator__class_weight:balanced|onevsrestclassifier__estimator__base_estimator__dual:True|onevsrestclassifier__estimator__base_estimator__fit_intercept:True|onevsrestclassifier__estimator__base_estimator__intercept_scaling:1|onevsrestclassifier__estimator__base_estimator__loss:squared_epsilon_insensitive|onevsrestclassifier__estimator__base_estimator__max_iter:1000.0|onevsrestclassifier__estimator__base_estimator__multi_class:ovr|onevsrestclassifier__estimator__base_estimator__penalty:l2|onevsrestclassifier__estimator__base_estimator__random_state:12345|onevsrestclassifier__estimator__base_estimator__tol:0.0001|onevsrestclassifier__estimator__base_estimator__verbose:0|onevsrestclassifier__estimator__base_estimator:LinearSVC(C=10.0, class_weight='balanced', loss='squared_epsilon_insensitive',
          max_iter=1000.0, random_state=12345)|onevsrestclassifier__estimator__cv:5|onevsrestclassifier__estimator__ensemble:True|onevsrestclassifier__estimator__method:sigmoid|onevsrestclassifier__estimator__n_jobs:None|onevsrestclassifier__estimator:CalibratedClassifierCV(base_estimator=LinearSVC(C=10.0, class_weight='balanced',
                                                loss='squared_epsilon_insensitive',
                                                max_iter=1000.0,
                                                random_state=12345),
                       cv=5)|onevsrestclassifier__n_jobs:1",all,Perception,Perception,1,0.016885749929655747,0.026414043327190863,0.009616345632399556,0.014682850390085881,0.01040578421626814,0.04192179832352413,0.09166397916300002,-0.0011640009406038837,-0.0077169196513681,0.0056915116302106595,-0.011823547090912647,-0.016207760878358415,-0.004109379140973119,-0.00434656803520135,-0.007592249298909677,0.006541289962752952,-0.003483518689876633,-0.009133586189991483,-0.024686790188434407,-0.0026655413497024315,-0.014860899727356328
17,0.6368329112859739,604,same,18,"memory:None|steps:[('standardscaler', StandardScaler()), ('onevsrestclassifier', OneVsRestClassifier(estimator=CalibratedClassifierCV(base_estimator=LinearSVC(C=10.0,
                                                                              class_weight='balanced',
                                                                              loss='squared_epsilon_insensitive',
                                                                              max_iter=1000.0,
                                                                              random_state=12345),
                                                     cv=5),
                    n_jobs=1))]|verbose:False|standardscaler:StandardScaler()|onevsrestclassifier:OneVsRestClassifier(estimator=CalibratedClassifierCV(base_estimator=LinearSVC(C=10.0,
                                                                              class_weight='balanced',
                                                                              loss='squared_epsilon_insensitive',
                                                                              max_iter=1000.0,
                                                                              random_state=12345),
                                                     cv=5),
                    n_jobs=1)|standardscaler__copy:True|standardscaler__with_mean:True|standardscaler__with_std:True|onevsrestclassifier__estimator__base_estimator__C:10.0|onevsrestclassifier__estimator__base_estimator__class_weight:balanced|onevsrestclassifier__estimator__base_estimator__dual:True|onevsrestclassifier__estimator__base_estimator__fit_intercept:True|onevsrestclassifier__estimator__base_estimator__intercept_scaling:1|onevsrestclassifier__estimator__base_estimator__loss:squared_epsilon_insensitive|onevsrestclassifier__estimator__base_estimator__max_iter:1000.0|onevsrestclassifier__estimator__base_estimator__multi_class:ovr|onevsrestclassifier__estimator__base_estimator__penalty:l2|onevsrestclassifier__estimator__base_estimator__random_state:12345|onevsrestclassifier__estimator__base_estimator__tol:0.0001|onevsrestclassifier__estimator__base_estimator__verbose:0|onevsrestclassifier__estimator__base_estimator:LinearSVC(C=10.0, class_weight='balanced', loss='squared_epsilon_insensitive',
          max_iter=1000.0, random_state=12345)|onevsrestclassifier__estimator__cv:5|onevsrestclassifier__estimator__ensemble:True|onevsrestclassifier__estimator__method:sigmoid|onevsrestclassifier__estimator__n_jobs:None|onevsrestclassifier__estimator:CalibratedClassifierCV(base_estimator=LinearSVC(C=10.0, class_weight='balanced',
                                                loss='squared_epsilon_insensitive',
                                                max_iter=1000.0,
                                                random_state=12345),
                       cv=5)|onevsrestclassifier__n_jobs:1",all,Perception,Perception,2,0.011227392669295249,0.03096429129024727,0.014080433042838356,0.018116746518131433,0.007127678221312198,0.030815307106323155,0.07230400668486671,-6.696840176718578e-05,0.002174234277291532,0.004701934889163788,-0.005700648532734452,-0.005650725822263636,-0.008557223048855481,-0.007970814432448535,-0.0031730756384331484,-0.004038388429633187,0.0009027871791452225,-0.01307842974008961,-0.013949347635571008,0.008196570196075819,-0.002168790483364554
17,0.6368329112859739,604,same,18,"memory:None|steps:[('standardscaler', StandardScaler()), ('onevsrestclassifier', OneVsRestClassifier(estimator=CalibratedClassifierCV(base_estimator=LinearSVC(C=10.0,
                                                                              class_weight='balanced',
                                                                              loss='squared_epsilon_insensitive',
                                                                              max_iter=1000.0,
                                                                              random_state=12345),
                                                     cv=5),
                    n_jobs=1))]|verbose:False|standardscaler:StandardScaler()|onevsrestclassifier:OneVsRestClassifier(estimator=CalibratedClassifierCV(base_estimator=LinearSVC(C=10.0,
                                                                              class_weight='balanced',
                                                                              loss='squared_epsilon_insensitive',
                                                                              max_iter=1000.0,
                                                                              random_state=12345),
                                                     cv=5),
                    n_jobs=1)|standardscaler__copy:True|standardscaler__with_mean:True|standardscaler__with_std:True|onevsrestclassifier__estimator__base_estimator__C:10.0|onevsrestclassifier__estimator__base_estimator__class_weight:balanced|onevsrestclassifier__estimator__base_estimator__dual:True|onevsrestclassifier__estimator__base_estimator__fit_intercept:True|onevsrestclassifier__estimator__base_estimator__intercept_scaling:1|onevsrestclassifier__estimator__base_estimator__loss:squared_epsilon_insensitive|onevsrestclassifier__estimator__base_estimator__max_iter:1000.0|onevsrestclassifier__estimator__base_estimator__multi_class:ovr|onevsrestclassifier__estimator__base_estimator__penalty:l2|onevsrestclassifier__estimator__base_estimator__random_state:12345|onevsrestclassifier__estimator__base_estimator__tol:0.0001|onevsrestclassifier__estimator__base_estimator__verbose:0|onevsrestclassifier__estimator__base_estimator:LinearSVC(C=10.0, class_weight='balanced', loss='squared_epsilon_insensitive',
          max_iter=1000.0, random_state=12345)|onevsrestclassifier__estimator__cv:5|onevsrestclassifier__estimator__ensemble:True|onevsrestclassifier__estimator__method:sigmoid|onevsrestclassifier__estimator__n_jobs:None|onevsrestclassifier__estimator:CalibratedClassifierCV(base_estimator=LinearSVC(C=10.0, class_weight='balanced',
                                                loss='squared_epsilon_insensitive',
                                                max_iter=1000.0,
                                                random_state=12345),
                       cv=5)|onevsrestclassifier__n_jobs:1",all,Perception,Perception,3,0.00904010159697861,0.005895789484435137,0.012820404650645514,0.012799357422340604,0.013260403538120826,0.028685157666376807,0.08499449864227038,0.003934779395565687,-0.0032921142823245583,-0.002985795441164169,-0.005163017853848056,0.006108480194389244,-0.014828789169607311,-0.005720476492722305,-0.009922233586834374,-0.006002687918035658,-0.0031791551672577336,-0.009012903432566064,-0.020064217071309946,0.005314264741451082,-0.014249191634092351
17,0.6368329112859739,604,same,18,"memory:None|steps:[('standardscaler', StandardScaler()), ('onevsrestclassifier', OneVsRestClassifier(estimator=CalibratedClassifierCV(base_estimator=LinearSVC(C=10.0,
                                                                              class_weight='balanced',
                                                                              loss='squared_epsilon_insensitive',
                                                                              max_iter=1000.0,
                                                                              random_state=12345),
                                                     cv=5),
                    n_jobs=1))]|verbose:False|standardscaler:StandardScaler()|onevsrestclassifier:OneVsRestClassifier(estimator=CalibratedClassifierCV(base_estimator=LinearSVC(C=10.0,
                                                                              class_weight='balanced',
                                                                              loss='squared_epsilon_insensitive',
                                                                              max_iter=1000.0,
                                                                              random_state=12345),
                                                     cv=5),
                    n_jobs=1)|standardscaler__copy:True|standardscaler__with_mean:True|standardscaler__with_std:True|onevsrestclassifier__estimator__base_estimator__C:10.0|onevsrestclassifier__estimator__base_estimator__class_weight:balanced|onevsrestclassifier__estimator__base_estimator__dual:True|onevsrestclassifier__estimator__base_estimator__fit_intercept:True|onevsrestclassifier__estimator__base_estimator__intercept_scaling:1|onevsrestclassifier__estimator__base_estimator__loss:squared_epsilon_insensitive|onevsrestclassifier__estimator__base_estimator__max_iter:1000.0|onevsrestclassifier__estimator__base_estimator__multi_class:ovr|onevsrestclassifier__estimator__base_estimator__penalty:l2|onevsrestclassifier__estimator__base_estimator__random_state:12345|onevsrestclassifier__estimator__base_estimator__tol:0.0001|onevsrestclassifier__estimator__base_estimator__verbose:0|onevsrestclassifier__estimator__base_estimator:LinearSVC(C=10.0, class_weight='balanced', loss='squared_epsilon_insensitive',
          max_iter=1000.0, random_state=12345)|onevsrestclassifier__estimator__cv:5|onevsrestclassifier__estimator__ensemble:True|onevsrestclassifier__estimator__method:sigmoid|onevsrestclassifier__estimator__n_jobs:None|onevsrestclassifier__estimator:CalibratedClassifierCV(base_estimator=LinearSVC(C=10.0, class_weight='balanced',
                                                loss='squared_epsilon_insensitive',
                                                max_iter=1000.0,
                                                random_state=12345),
                       cv=5)|onevsrestclassifier__n_jobs:1",all,Perception,Perception,4,0.006988683556464059,0.01025324840878055,0.012721548260040804,-0.006220433488979336,0.015002372477382855,0.03400968704391229,0.09516571082256949,0.001450178183368455,0.010160963634753608,0.0015126455892065722,-0.008281309367096966,0.0016908868117814016,0.00968769379006105,0.006816632088781436,-0.0075019863941812115,0.00552341609254831,0.005733742003870739,0.0023589409863653374,0.0070811753081360404,-0.005157310507886918,-0.003791740060359363
17,0.6368329112859739,604,same,18,"memory:None|steps:[('standardscaler', StandardScaler()), ('onevsrestclassifier', OneVsRestClassifier(estimator=CalibratedClassifierCV(base_estimator=LinearSVC(C=10.0,
                                                                              class_weight='balanced',
                                                                              loss='squared_epsilon_insensitive',
                                                                              max_iter=1000.0,
                                                                              random_state=12345),
                                                     cv=5),
                    n_jobs=1))]|verbose:False|standardscaler:StandardScaler()|onevsrestclassifier:OneVsRestClassifier(estimator=CalibratedClassifierCV(base_estimator=LinearSVC(C=10.0,
                                                                              class_weight='balanced',
                                                                              loss='squared_epsilon_insensitive',
                                                                              max_iter=1000.0,
                                                                              random_state=12345),
                                                     cv=5),
                    n_jobs=1)|standardscaler__copy:True|standardscaler__with_mean:True|standardscaler__with_std:True|onevsrestclassifier__estimator__base_estimator__C:10.0|onevsrestclassifier__estimator__base_estimator__class_weight:balanced|onevsrestclassifier__estimator__base_estimator__dual:True|onevsrestclassifier__estimator__base_estimator__fit_intercept:True|onevsrestclassifier__estimator__base_estimator__intercept_scaling:1|onevsrestclassifier__estimator__base_estimator__loss:squared_epsilon_insensitive|onevsrestclassifier__estimator__base_estimator__max_iter:1000.0|onevsrestclassifier__estimator__base_estimator__multi_class:ovr|onevsrestclassifier__estimator__base_estimator__penalty:l2|onevsrestclassifier__estimator__base_estimator__random_state:12345|onevsrestclassifier__estimator__base_estimator__tol:0.0001|onevsrestclassifier__estimator__base_estimator__verbose:0|onevsrestclassifier__estimator__base_estimator:LinearSVC(C=10.0, class_weight='balanced', loss='squared_epsilon_insensitive',
          max_iter=1000.0, random_state=12345)|onevsrestclassifier__estimator__cv:5|onevsrestclassifier__estimator__ensemble:True|onevsrestclassifier__estimator__method:sigmoid|onevsrestclassifier__estimator__n_jobs:None|onevsrestclassifier__estimator:CalibratedClassifierCV(base_estimator=LinearSVC(C=10.0, class_weight='balanced',
                                                loss='squared_epsilon_insensitive',
                                                max_iter=1000.0,
                                                random_state=12345),
                       cv=5)|onevsrestclassifier__n_jobs:1",all,Perception,Perception,5,-0.0037587946458727288,0.023722943473007428,0.01852813525287735,-0.002371227987520357,0.025328599696217133,0.03905267048655604,0.09742635004119173,0.005896619391162027,-0.00020075827102396162,-0.0060139399139694325,0.0005303789079169008,0.009379769196706505,-0.004920114051944044,0.007652110452776807,-0.012671198183457603,-0.0010649671845099217,0.0025100721726304706,-0.0005369575296707712,-0.006823240577537005,0.0038524692736167324,-0.0012247415545031156
18,0.5761002859227866,516,same,19,"memory:None|steps:[('standardscaler', StandardScaler()), ('onevsrestclassifier', OneVsRestClassifier(estimator=CalibratedClassifierCV(base_estimator=LinearSVC(C=10.0,
                                                                              class_weight='balanced',
                                                                              loss='squared_epsilon_insensitive',
                                                                              max_iter=1000.0,
                                                                              random_state=12345),
                                                     cv=5),
                    n_jobs=1))]|verbose:False|standardscaler:StandardScaler()|onevsrestclassifier:OneVsRestClassifier(estimator=CalibratedClassifierCV(base_estimator=LinearSVC(C=10.0,
                                                                              class_weight='balanced',
                                                                              loss='squared_epsilon_insensitive',
                                                                              max_iter=1000.0,
                                                                              random_state=12345),
                                                     cv=5),
                    n_jobs=1)|standardscaler__copy:True|standardscaler__with_mean:True|standardscaler__with_std:True|onevsrestclassifier__estimator__base_estimator__C:10.0|onevsrestclassifier__estimator__base_estimator__class_weight:balanced|onevsrestclassifier__estimator__base_estimator__dual:True|onevsrestclassifier__estimator__base_estimator__fit_intercept:True|onevsrestclassifier__estimator__base_estimator__intercept_scaling:1|onevsrestclassifier__estimator__base_estimator__loss:squared_epsilon_insensitive|onevsrestclassifier__estimator__base_estimator__max_iter:1000.0|onevsrestclassifier__estimator__base_estimator__multi_class:ovr|onevsrestclassifier__estimator__base_estimator__penalty:l2|onevsrestclassifier__estimator__base_estimator__random_state:12345|onevsrestclassifier__estimator__base_estimator__tol:0.0001|onevsrestclassifier__estimator__base_estimator__verbose:0|onevsrestclassifier__estimator__base_estimator:LinearSVC(C=10.0, class_weight='balanced', loss='squared_epsilon_insensitive',
          max_iter=1000.0, random_state=12345)|onevsrestclassifier__estimator__cv:5|onevsrestclassifier__estimator__ensemble:True|onevsrestclassifier__estimator__method:sigmoid|onevsrestclassifier__estimator__n_jobs:None|onevsrestclassifier__estimator:CalibratedClassifierCV(base_estimator=LinearSVC(C=10.0, class_weight='balanced',
                                                loss='squared_epsilon_insensitive',
                                                max_iter=1000.0,
                                                random_state=12345),
                       cv=5)|onevsrestclassifier__n_jobs:1",all,Perception,Perception,1,0.02312867826745484,0.04907701443857754,0.014522566259286494,0.0087798137312595,0.03055448286211993,0.04542133545192938,0.09454629099674547,0.007960469139597783,-0.013744669574709113,0.00612554700613414,0.008393458994822621,-0.0017777650879757531,-0.005196726273964615,-0.008641986895410264,0.00593007840704925,0.002136394626345417,-0.010796348911913497,0.009087736318913062,0.003157741159642327,-0.009482194697927656,-0.01014253621237605
18,0.5761002859227866,516,same,19,"memory:None|steps:[('standardscaler', StandardScaler()), ('onevsrestclassifier', OneVsRestClassifier(estimator=CalibratedClassifierCV(base_estimator=LinearSVC(C=10.0,
                                                                              class_weight='balanced',
                                                                              loss='squared_epsilon_insensitive',
                                                                              max_iter=1000.0,
                                                                              random_state=12345),
                                                     cv=5),
                    n_jobs=1))]|verbose:False|standardscaler:StandardScaler()|onevsrestclassifier:OneVsRestClassifier(estimator=CalibratedClassifierCV(base_estimator=LinearSVC(C=10.0,
                                                                              class_weight='balanced',
                                                                              loss='squared_epsilon_insensitive',
                                                                              max_iter=1000.0,
                                                                              random_state=12345),
                                                     cv=5),
                    n_jobs=1)|standardscaler__copy:True|standardscaler__with_mean:True|standardscaler__with_std:True|onevsrestclassifier__estimator__base_estimator__C:10.0|onevsrestclassifier__estimator__base_estimator__class_weight:balanced|onevsrestclassifier__estimator__base_estimator__dual:True|onevsrestclassifier__estimator__base_estimator__fit_intercept:True|onevsrestclassifier__estimator__base_estimator__intercept_scaling:1|onevsrestclassifier__estimator__base_estimator__loss:squared_epsilon_insensitive|onevsrestclassifier__estimator__base_estimator__max_iter:1000.0|onevsrestclassifier__estimator__base_estimator__multi_class:ovr|onevsrestclassifier__estimator__base_estimator__penalty:l2|onevsrestclassifier__estimator__base_estimator__random_state:12345|onevsrestclassifier__estimator__base_estimator__tol:0.0001|onevsrestclassifier__estimator__base_estimator__verbose:0|onevsrestclassifier__estimator__base_estimator:LinearSVC(C=10.0, class_weight='balanced', loss='squared_epsilon_insensitive',
          max_iter=1000.0, random_state=12345)|onevsrestclassifier__estimator__cv:5|onevsrestclassifier__estimator__ensemble:True|onevsrestclassifier__estimator__method:sigmoid|onevsrestclassifier__estimator__n_jobs:None|onevsrestclassifier__estimator:CalibratedClassifierCV(base_estimator=LinearSVC(C=10.0, class_weight='balanced',
                                                loss='squared_epsilon_insensitive',
                                                max_iter=1000.0,
                                                random_state=12345),
                       cv=5)|onevsrestclassifier__n_jobs:1",all,Perception,Perception,2,0.009140094238344424,0.01917146802973801,0.02352500971825094,0.028584255321414124,0.020688646881493866,0.035161062010914866,0.09610683176307275,0.006236913492609198,-0.011510105180837569,-0.01808627210285191,0.007675545072772141,0.0031149514404249417,-0.010885828871545645,-0.016819328064562194,-0.016345643657057426,-0.0064508565978112515,-0.003317324515540355,-0.0034375911750935233,0.006025940513768046,0.013200382646154215,-0.0056821607792066145
18,0.5761002859227866,516,same,19,"memory:None|steps:[('standardscaler', StandardScaler()), ('onevsrestclassifier', OneVsRestClassifier(estimator=CalibratedClassifierCV(base_estimator=LinearSVC(C=10.0,
                                                                              class_weight='balanced',
                                                                              loss='squared_epsilon_insensitive',
                                                                              max_iter=1000.0,
                                                                              random_state=12345),
                                                     cv=5),
                    n_jobs=1))]|verbose:False|standardscaler:StandardScaler()|onevsrestclassifier:OneVsRestClassifier(estimator=CalibratedClassifierCV(base_estimator=LinearSVC(C=10.0,
                                                                              class_weight='balanced',
                                                                              loss='squared_epsilon_insensitive',
                                                                              max_iter=1000.0,
                                                                              random_state=12345),
                                                     cv=5),
                    n_jobs=1)|standardscaler__copy:True|standardscaler__with_mean:True|standardscaler__with_std:True|onevsrestclassifier__estimator__base_estimator__C:10.0|onevsrestclassifier__estimator__base_estimator__class_weight:balanced|onevsrestclassifier__estimator__base_estimator__dual:True|onevsrestclassifier__estimator__base_estimator__fit_intercept:True|onevsrestclassifier__estimator__base_estimator__intercept_scaling:1|onevsrestclassifier__estimator__base_estimator__loss:squared_epsilon_insensitive|onevsrestclassifier__estimator__base_estimator__max_iter:1000.0|onevsrestclassifier__estimator__base_estimator__multi_class:ovr|onevsrestclassifier__estimator__base_estimator__penalty:l2|onevsrestclassifier__estimator__base_estimator__random_state:12345|onevsrestclassifier__estimator__base_estimator__tol:0.0001|onevsrestclassifier__estimator__base_estimator__verbose:0|onevsrestclassifier__estimator__base_estimator:LinearSVC(C=10.0, class_weight='balanced', loss='squared_epsilon_insensitive',
          max_iter=1000.0, random_state=12345)|onevsrestclassifier__estimator__cv:5|onevsrestclassifier__estimator__ensemble:True|onevsrestclassifier__estimator__method:sigmoid|onevsrestclassifier__estimator__n_jobs:None|onevsrestclassifier__estimator:CalibratedClassifierCV(base_estimator=LinearSVC(C=10.0, class_weight='balanced',
                                                loss='squared_epsilon_insensitive',
                                                max_iter=1000.0,
                                                random_state=12345),
                       cv=5)|onevsrestclassifier__n_jobs:1",all,Perception,Perception,3,0.01773113326989254,0.015648696357190746,0.009517741452299396,0.026086759837128493,0.02143767333402719,0.03042436200708001,0.09527252246359721,0.011969629385987534,0.004574021235108793,0.005415369281024379,0.01378780743741731,0.012204574327309032,-0.006908091487514954,0.0027267825204668906,0.002009219654345798,-0.008194187729301207,-0.007041463842242579,0.0051413096248328505,0.01133592229210969,0.016230157270955264,0.020631226608904554
18,0.5761002859227866,516,same,19,"memory:None|steps:[('standardscaler', StandardScaler()), ('onevsrestclassifier', OneVsRestClassifier(estimator=CalibratedClassifierCV(base_estimator=LinearSVC(C=10.0,
                                                                              class_weight='balanced',
                                                                              loss='squared_epsilon_insensitive',
                                                                              max_iter=1000.0,
                                                                              random_state=12345),
                                                     cv=5),
                    n_jobs=1))]|verbose:False|standardscaler:StandardScaler()|onevsrestclassifier:OneVsRestClassifier(estimator=CalibratedClassifierCV(base_estimator=LinearSVC(C=10.0,
                                                                              class_weight='balanced',
                                                                              loss='squared_epsilon_insensitive',
                                                                              max_iter=1000.0,
                                                                              random_state=12345),
                                                     cv=5),
                    n_jobs=1)|standardscaler__copy:True|standardscaler__with_mean:True|standardscaler__with_std:True|onevsrestclassifier__estimator__base_estimator__C:10.0|onevsrestclassifier__estimator__base_estimator__class_weight:balanced|onevsrestclassifier__estimator__base_estimator__dual:True|onevsrestclassifier__estimator__base_estimator__fit_intercept:True|onevsrestclassifier__estimator__base_estimator__intercept_scaling:1|onevsrestclassifier__estimator__base_estimator__loss:squared_epsilon_insensitive|onevsrestclassifier__estimator__base_estimator__max_iter:1000.0|onevsrestclassifier__estimator__base_estimator__multi_class:ovr|onevsrestclassifier__estimator__base_estimator__penalty:l2|onevsrestclassifier__estimator__base_estimator__random_state:12345|onevsrestclassifier__estimator__base_estimator__tol:0.0001|onevsrestclassifier__estimator__base_estimator__verbose:0|onevsrestclassifier__estimator__base_estimator:LinearSVC(C=10.0, class_weight='balanced', loss='squared_epsilon_insensitive',
          max_iter=1000.0, random_state=12345)|onevsrestclassifier__estimator__cv:5|onevsrestclassifier__estimator__ensemble:True|onevsrestclassifier__estimator__method:sigmoid|onevsrestclassifier__estimator__n_jobs:None|onevsrestclassifier__estimator:CalibratedClassifierCV(base_estimator=LinearSVC(C=10.0, class_weight='balanced',
                                                loss='squared_epsilon_insensitive',
                                                max_iter=1000.0,
                                                random_state=12345),
                       cv=5)|onevsrestclassifier__n_jobs:1",all,Perception,Perception,4,0.01800907934759671,0.02789213825172706,0.020376057521439565,0.03128557137759083,0.004829922421373436,0.03681814801433468,0.0882615822306609,-0.009141634466696325,0.005213674185765973,0.0012805010470935971,0.008321559847304856,-0.004121862246426042,0.0021489455791609807,-0.0009309650908663949,-0.003583293721241378,-0.01956242784070599,-0.014654064213167419,-0.013525149198161869,0.026452291112299266,0.00031247112563092194,-0.005092218492283107
18,0.5761002859227866,516,same,19,"memory:None|steps:[('standardscaler', StandardScaler()), ('onevsrestclassifier', OneVsRestClassifier(estimator=CalibratedClassifierCV(base_estimator=LinearSVC(C=10.0,
                                                                              class_weight='balanced',
                                                                              loss='squared_epsilon_insensitive',
                                                                              max_iter=1000.0,
                                                                              random_state=12345),
                                                     cv=5),
                    n_jobs=1))]|verbose:False|standardscaler:StandardScaler()|onevsrestclassifier:OneVsRestClassifier(estimator=CalibratedClassifierCV(base_estimator=LinearSVC(C=10.0,
                                                                              class_weight='balanced',
                                                                              loss='squared_epsilon_insensitive',
                                                                              max_iter=1000.0,
                                                                              random_state=12345),
                                                     cv=5),
                    n_jobs=1)|standardscaler__copy:True|standardscaler__with_mean:True|standardscaler__with_std:True|onevsrestclassifier__estimator__base_estimator__C:10.0|onevsrestclassifier__estimator__base_estimator__class_weight:balanced|onevsrestclassifier__estimator__base_estimator__dual:True|onevsrestclassifier__estimator__base_estimator__fit_intercept:True|onevsrestclassifier__estimator__base_estimator__intercept_scaling:1|onevsrestclassifier__estimator__base_estimator__loss:squared_epsilon_insensitive|onevsrestclassifier__estimator__base_estimator__max_iter:1000.0|onevsrestclassifier__estimator__base_estimator__multi_class:ovr|onevsrestclassifier__estimator__base_estimator__penalty:l2|onevsrestclassifier__estimator__base_estimator__random_state:12345|onevsrestclassifier__estimator__base_estimator__tol:0.0001|onevsrestclassifier__estimator__base_estimator__verbose:0|onevsrestclassifier__estimator__base_estimator:LinearSVC(C=10.0, class_weight='balanced', loss='squared_epsilon_insensitive',
          max_iter=1000.0, random_state=12345)|onevsrestclassifier__estimator__cv:5|onevsrestclassifier__estimator__ensemble:True|onevsrestclassifier__estimator__method:sigmoid|onevsrestclassifier__estimator__n_jobs:None|onevsrestclassifier__estimator:CalibratedClassifierCV(base_estimator=LinearSVC(C=10.0, class_weight='balanced',
                                                loss='squared_epsilon_insensitive',
                                                max_iter=1000.0,
                                                random_state=12345),
                       cv=5)|onevsrestclassifier__n_jobs:1",all,Perception,Perception,5,0.013016332403695598,0.014490984105839867,0.02651942445749808,0.025129048358828683,0.02916000969921865,0.05098729962641003,0.08867102155845433,-0.0008450655605017882,0.010039770560912004,0.002846678102801585,-0.007199380644868058,-0.007547995259399829,0.004281900545275762,-0.007465035655932539,-0.0036061829789554036,-0.013767182184068548,-0.00735073961081378,-0.01156927239658127,-0.003491462760697622,0.004395729069826682,-0.005177702687963963
19,0.5545364015235198,474,same,20,"memory:None|steps:[('standardscaler', StandardScaler()), ('onevsrestclassifier', OneVsRestClassifier(estimator=CalibratedClassifierCV(base_estimator=LinearSVC(C=10.0,
                                                                              class_weight='balanced',
                                                                              loss='squared_epsilon_insensitive',
                                                                              max_iter=1000.0,
                                                                              random_state=12345),
                                                     cv=5),
                    n_jobs=1))]|verbose:False|standardscaler:StandardScaler()|onevsrestclassifier:OneVsRestClassifier(estimator=CalibratedClassifierCV(base_estimator=LinearSVC(C=10.0,
                                                                              class_weight='balanced',
                                                                              loss='squared_epsilon_insensitive',
                                                                              max_iter=1000.0,
                                                                              random_state=12345),
                                                     cv=5),
                    n_jobs=1)|standardscaler__copy:True|standardscaler__with_mean:True|standardscaler__with_std:True|onevsrestclassifier__estimator__base_estimator__C:10.0|onevsrestclassifier__estimator__base_estimator__class_weight:balanced|onevsrestclassifier__estimator__base_estimator__dual:True|onevsrestclassifier__estimator__base_estimator__fit_intercept:True|onevsrestclassifier__estimator__base_estimator__intercept_scaling:1|onevsrestclassifier__estimator__base_estimator__loss:squared_epsilon_insensitive|onevsrestclassifier__estimator__base_estimator__max_iter:1000.0|onevsrestclassifier__estimator__base_estimator__multi_class:ovr|onevsrestclassifier__estimator__base_estimator__penalty:l2|onevsrestclassifier__estimator__base_estimator__random_state:12345|onevsrestclassifier__estimator__base_estimator__tol:0.0001|onevsrestclassifier__estimator__base_estimator__verbose:0|onevsrestclassifier__estimator__base_estimator:LinearSVC(C=10.0, class_weight='balanced', loss='squared_epsilon_insensitive',
          max_iter=1000.0, random_state=12345)|onevsrestclassifier__estimator__cv:5|onevsrestclassifier__estimator__ensemble:True|onevsrestclassifier__estimator__method:sigmoid|onevsrestclassifier__estimator__n_jobs:None|onevsrestclassifier__estimator:CalibratedClassifierCV(base_estimator=LinearSVC(C=10.0, class_weight='balanced',
                                                loss='squared_epsilon_insensitive',
                                                max_iter=1000.0,
                                                random_state=12345),
                       cv=5)|onevsrestclassifier__n_jobs:1",all,Perception,Perception,1,0.01052672326745026,0.023082941525121522,0.014904304251427001,0.024713197040076636,0.02825326714753843,0.04860360957088018,0.09085063179876399,-0.0025170044246364985,0.006572524927415408,0.013985417755117623,-0.001707230051785697,-0.0032007624952944576,-0.017342911296111783,-0.011998516478956741,-0.0063662273106779525,-0.0055881600331926275,-0.012792765962165204,-0.003953137917754135,-0.00813169981134399,-0.0007941707562899116,-0.009102698545466949
19,0.5545364015235198,474,same,20,"memory:None|steps:[('standardscaler', StandardScaler()), ('onevsrestclassifier', OneVsRestClassifier(estimator=CalibratedClassifierCV(base_estimator=LinearSVC(C=10.0,
                                                                              class_weight='balanced',
                                                                              loss='squared_epsilon_insensitive',
                                                                              max_iter=1000.0,
                                                                              random_state=12345),
                                                     cv=5),
                    n_jobs=1))]|verbose:False|standardscaler:StandardScaler()|onevsrestclassifier:OneVsRestClassifier(estimator=CalibratedClassifierCV(base_estimator=LinearSVC(C=10.0,
                                                                              class_weight='balanced',
                                                                              loss='squared_epsilon_insensitive',
                                                                              max_iter=1000.0,
                                                                              random_state=12345),
                                                     cv=5),
                    n_jobs=1)|standardscaler__copy:True|standardscaler__with_mean:True|standardscaler__with_std:True|onevsrestclassifier__estimator__base_estimator__C:10.0|onevsrestclassifier__estimator__base_estimator__class_weight:balanced|onevsrestclassifier__estimator__base_estimator__dual:True|onevsrestclassifier__estimator__base_estimator__fit_intercept:True|onevsrestclassifier__estimator__base_estimator__intercept_scaling:1|onevsrestclassifier__estimator__base_estimator__loss:squared_epsilon_insensitive|onevsrestclassifier__estimator__base_estimator__max_iter:1000.0|onevsrestclassifier__estimator__base_estimator__multi_class:ovr|onevsrestclassifier__estimator__base_estimator__penalty:l2|onevsrestclassifier__estimator__base_estimator__random_state:12345|onevsrestclassifier__estimator__base_estimator__tol:0.0001|onevsrestclassifier__estimator__base_estimator__verbose:0|onevsrestclassifier__estimator__base_estimator:LinearSVC(C=10.0, class_weight='balanced', loss='squared_epsilon_insensitive',
          max_iter=1000.0, random_state=12345)|onevsrestclassifier__estimator__cv:5|onevsrestclassifier__estimator__ensemble:True|onevsrestclassifier__estimator__method:sigmoid|onevsrestclassifier__estimator__n_jobs:None|onevsrestclassifier__estimator:CalibratedClassifierCV(base_estimator=LinearSVC(C=10.0, class_weight='balanced',
                                                loss='squared_epsilon_insensitive',
                                                max_iter=1000.0,
                                                random_state=12345),
                       cv=5)|onevsrestclassifier__n_jobs:1",all,Perception,Perception,2,0.012687224328099664,0.018350628173537796,0.02395248571271146,0.03195616115303226,0.018370152561359203,0.05075743272063387,0.09218160561509425,-0.012006664479258402,-0.0018606600367221202,0.008914152454241186,-0.0015874781539438308,-0.0009152776574957053,-0.015592462350493146,-0.01755122792393141,-0.01449462261588625,-0.004598616700443328,-0.02231116610281656,-0.008746022450649225,-0.003230283631624499,0.00815417266213702,-0.00648988792913521
19,0.5545364015235198,474,same,20,"memory:None|steps:[('standardscaler', StandardScaler()), ('onevsrestclassifier', OneVsRestClassifier(estimator=CalibratedClassifierCV(base_estimator=LinearSVC(C=10.0,
                                                                              class_weight='balanced',
                                                                              loss='squared_epsilon_insensitive',
                                                                              max_iter=1000.0,
                                                                              random_state=12345),
                                                     cv=5),
                    n_jobs=1))]|verbose:False|standardscaler:StandardScaler()|onevsrestclassifier:OneVsRestClassifier(estimator=CalibratedClassifierCV(base_estimator=LinearSVC(C=10.0,
                                                                              class_weight='balanced',
                                                                              loss='squared_epsilon_insensitive',
                                                                              max_iter=1000.0,
                                                                              random_state=12345),
                                                     cv=5),
                    n_jobs=1)|standardscaler__copy:True|standardscaler__with_mean:True|standardscaler__with_std:True|onevsrestclassifier__estimator__base_estimator__C:10.0|onevsrestclassifier__estimator__base_estimator__class_weight:balanced|onevsrestclassifier__estimator__base_estimator__dual:True|onevsrestclassifier__estimator__base_estimator__fit_intercept:True|onevsrestclassifier__estimator__base_estimator__intercept_scaling:1|onevsrestclassifier__estimator__base_estimator__loss:squared_epsilon_insensitive|onevsrestclassifier__estimator__base_estimator__max_iter:1000.0|onevsrestclassifier__estimator__base_estimator__multi_class:ovr|onevsrestclassifier__estimator__base_estimator__penalty:l2|onevsrestclassifier__estimator__base_estimator__random_state:12345|onevsrestclassifier__estimator__base_estimator__tol:0.0001|onevsrestclassifier__estimator__base_estimator__verbose:0|onevsrestclassifier__estimator__base_estimator:LinearSVC(C=10.0, class_weight='balanced', loss='squared_epsilon_insensitive',
          max_iter=1000.0, random_state=12345)|onevsrestclassifier__estimator__cv:5|onevsrestclassifier__estimator__ensemble:True|onevsrestclassifier__estimator__method:sigmoid|onevsrestclassifier__estimator__n_jobs:None|onevsrestclassifier__estimator:CalibratedClassifierCV(base_estimator=LinearSVC(C=10.0, class_weight='balanced',
                                                loss='squared_epsilon_insensitive',
                                                max_iter=1000.0,
                                                random_state=12345),
                       cv=5)|onevsrestclassifier__n_jobs:1",all,Perception,Perception,3,0.00898162184397895,0.015169259363235519,0.014640794839874231,0.026864924950575943,0.020839647922379686,0.05437217656962152,0.08799933661017154,-0.002473719304778037,0.003870510815851198,0.006638710356999616,0.005247260292619433,-5.2425312906694845e-05,6.064533701851283e-05,-0.010533936914143909,0.007218844428966807,0.006560068121426385,-0.0028293735636531897,-0.0008343631299051528,0.0037907995730032396,0.014549152437523796,0.0024947243057734333
19,0.5545364015235198,474,same,20,"memory:None|steps:[('standardscaler', StandardScaler()), ('onevsrestclassifier', OneVsRestClassifier(estimator=CalibratedClassifierCV(base_estimator=LinearSVC(C=10.0,
                                                                              class_weight='balanced',
                                                                              loss='squared_epsilon_insensitive',
                                                                              max_iter=1000.0,
                                                                              random_state=12345),
                                                     cv=5),
                    n_jobs=1))]|verbose:False|standardscaler:StandardScaler()|onevsrestclassifier:OneVsRestClassifier(estimator=CalibratedClassifierCV(base_estimator=LinearSVC(C=10.0,
                                                                              class_weight='balanced',
                                                                              loss='squared_epsilon_insensitive',
                                                                              max_iter=1000.0,
                                                                              random_state=12345),
                                                     cv=5),
                    n_jobs=1)|standardscaler__copy:True|standardscaler__with_mean:True|standardscaler__with_std:True|onevsrestclassifier__estimator__base_estimator__C:10.0|onevsrestclassifier__estimator__base_estimator__class_weight:balanced|onevsrestclassifier__estimator__base_estimator__dual:True|onevsrestclassifier__estimator__base_estimator__fit_intercept:True|onevsrestclassifier__estimator__base_estimator__intercept_scaling:1|onevsrestclassifier__estimator__base_estimator__loss:squared_epsilon_insensitive|onevsrestclassifier__estimator__base_estimator__max_iter:1000.0|onevsrestclassifier__estimator__base_estimator__multi_class:ovr|onevsrestclassifier__estimator__base_estimator__penalty:l2|onevsrestclassifier__estimator__base_estimator__random_state:12345|onevsrestclassifier__estimator__base_estimator__tol:0.0001|onevsrestclassifier__estimator__base_estimator__verbose:0|onevsrestclassifier__estimator__base_estimator:LinearSVC(C=10.0, class_weight='balanced', loss='squared_epsilon_insensitive',
          max_iter=1000.0, random_state=12345)|onevsrestclassifier__estimator__cv:5|onevsrestclassifier__estimator__ensemble:True|onevsrestclassifier__estimator__method:sigmoid|onevsrestclassifier__estimator__n_jobs:None|onevsrestclassifier__estimator:CalibratedClassifierCV(base_estimator=LinearSVC(C=10.0, class_weight='balanced',
                                                loss='squared_epsilon_insensitive',
                                                max_iter=1000.0,
                                                random_state=12345),
                       cv=5)|onevsrestclassifier__n_jobs:1",all,Perception,Perception,4,0.02187717743919624,0.02105492771329384,0.01626872335476203,0.009921751446951062,0.028953303602602662,0.03584730279235654,0.10170217051540936,-0.004280734583392135,-0.0014254246460827678,-0.009385826872235886,-0.003539951467897039,-0.028336981982518307,-0.006944127607888497,-0.0006213539041111747,-0.008045684757138282,0.004647537918875835,-0.01018589647308694,-0.006085848575579815,0.010837385714218556,-0.014670432518286335,0.012877877996206431
19,0.5545364015235198,474,same,20,"memory:None|steps:[('standardscaler', StandardScaler()), ('onevsrestclassifier', OneVsRestClassifier(estimator=CalibratedClassifierCV(base_estimator=LinearSVC(C=10.0,
                                                                              class_weight='balanced',
                                                                              loss='squared_epsilon_insensitive',
                                                                              max_iter=1000.0,
                                                                              random_state=12345),
                                                     cv=5),
                    n_jobs=1))]|verbose:False|standardscaler:StandardScaler()|onevsrestclassifier:OneVsRestClassifier(estimator=CalibratedClassifierCV(base_estimator=LinearSVC(C=10.0,
                                                                              class_weight='balanced',
                                                                              loss='squared_epsilon_insensitive',
                                                                              max_iter=1000.0,
                                                                              random_state=12345),
                                                     cv=5),
                    n_jobs=1)|standardscaler__copy:True|standardscaler__with_mean:True|standardscaler__with_std:True|onevsrestclassifier__estimator__base_estimator__C:10.0|onevsrestclassifier__estimator__base_estimator__class_weight:balanced|onevsrestclassifier__estimator__base_estimator__dual:True|onevsrestclassifier__estimator__base_estimator__fit_intercept:True|onevsrestclassifier__estimator__base_estimator__intercept_scaling:1|onevsrestclassifier__estimator__base_estimator__loss:squared_epsilon_insensitive|onevsrestclassifier__estimator__base_estimator__max_iter:1000.0|onevsrestclassifier__estimator__base_estimator__multi_class:ovr|onevsrestclassifier__estimator__base_estimator__penalty:l2|onevsrestclassifier__estimator__base_estimator__random_state:12345|onevsrestclassifier__estimator__base_estimator__tol:0.0001|onevsrestclassifier__estimator__base_estimator__verbose:0|onevsrestclassifier__estimator__base_estimator:LinearSVC(C=10.0, class_weight='balanced', loss='squared_epsilon_insensitive',
          max_iter=1000.0, random_state=12345)|onevsrestclassifier__estimator__cv:5|onevsrestclassifier__estimator__ensemble:True|onevsrestclassifier__estimator__method:sigmoid|onevsrestclassifier__estimator__n_jobs:None|onevsrestclassifier__estimator:CalibratedClassifierCV(base_estimator=LinearSVC(C=10.0, class_weight='balanced',
                                                loss='squared_epsilon_insensitive',
                                                max_iter=1000.0,
                                                random_state=12345),
                       cv=5)|onevsrestclassifier__n_jobs:1",all,Perception,Perception,5,0.018713206816237015,0.021378360940544124,0.023175036417020702,0.00512315430243898,0.02932387152437797,0.04686888041609331,0.10336818623641593,0.003206128617160111,-0.0061341609248161885,-0.002170377529108621,-0.0034519826900561903,-0.017004344359433144,-0.004261295119812934,-0.001957436115834341,-0.009115904768230982,-0.006005762594580045,-0.01320196759268393,-0.010038659540079913,0.010610166864148021,-0.008891440080081053,0.007992833921080057
20,0.6480240446182044,644,same,21,"memory:None|steps:[('standardscaler', StandardScaler()), ('onevsrestclassifier', OneVsRestClassifier(estimator=CalibratedClassifierCV(base_estimator=LinearSVC(class_weight='balanced',
                                                                              loss='squared_epsilon_insensitive',
                                                                              max_iter=1000.0,
                                                                              random_state=12345),
                                                     cv=5),
                    n_jobs=1))]|verbose:False|standardscaler:StandardScaler()|onevsrestclassifier:OneVsRestClassifier(estimator=CalibratedClassifierCV(base_estimator=LinearSVC(class_weight='balanced',
                                                                              loss='squared_epsilon_insensitive',
                                                                              max_iter=1000.0,
                                                                              random_state=12345),
                                                     cv=5),
                    n_jobs=1)|standardscaler__copy:True|standardscaler__with_mean:True|standardscaler__with_std:True|onevsrestclassifier__estimator__base_estimator__C:1.0|onevsrestclassifier__estimator__base_estimator__class_weight:balanced|onevsrestclassifier__estimator__base_estimator__dual:True|onevsrestclassifier__estimator__base_estimator__fit_intercept:True|onevsrestclassifier__estimator__base_estimator__intercept_scaling:1|onevsrestclassifier__estimator__base_estimator__loss:squared_epsilon_insensitive|onevsrestclassifier__estimator__base_estimator__max_iter:1000.0|onevsrestclassifier__estimator__base_estimator__multi_class:ovr|onevsrestclassifier__estimator__base_estimator__penalty:l2|onevsrestclassifier__estimator__base_estimator__random_state:12345|onevsrestclassifier__estimator__base_estimator__tol:0.0001|onevsrestclassifier__estimator__base_estimator__verbose:0|onevsrestclassifier__estimator__base_estimator:LinearSVC(class_weight='balanced', loss='squared_epsilon_insensitive',
          max_iter=1000.0, random_state=12345)|onevsrestclassifier__estimator__cv:5|onevsrestclassifier__estimator__ensemble:True|onevsrestclassifier__estimator__method:sigmoid|onevsrestclassifier__estimator__n_jobs:None|onevsrestclassifier__estimator:CalibratedClassifierCV(base_estimator=LinearSVC(class_weight='balanced',
                                                loss='squared_epsilon_insensitive',
                                                max_iter=1000.0,
                                                random_state=12345),
                       cv=5)|onevsrestclassifier__n_jobs:1",all,Perception,Perception,1,0.010333330197461585,0.02613169769289115,0.01594601166739087,0.02130879739088274,0.024943961946122348,0.03940354049168376,0.09719636793741812,-0.00031598229853468723,-0.0012088386223116487,0.00026447860051283543,-0.0020410555306213645,-0.003910432005088699,-0.0074736771871651096,-0.0047341560522016915,-0.006571280069546537,-0.0028661680132789774,-0.0011484940013989627,-0.005548444409768548,-0.002943984012418963,0.0024821662171137437,-0.002309921724805876
20,0.6480240446182044,644,same,21,"memory:None|steps:[('standardscaler', StandardScaler()), ('onevsrestclassifier', OneVsRestClassifier(estimator=CalibratedClassifierCV(base_estimator=LinearSVC(class_weight='balanced',
                                                                              loss='squared_epsilon_insensitive',
                                                                              max_iter=1000.0,
                                                                              random_state=12345),
                                                     cv=5),
                    n_jobs=1))]|verbose:False|standardscaler:StandardScaler()|onevsrestclassifier:OneVsRestClassifier(estimator=CalibratedClassifierCV(base_estimator=LinearSVC(class_weight='balanced',
                                                                              loss='squared_epsilon_insensitive',
                                                                              max_iter=1000.0,
                                                                              random_state=12345),
                                                     cv=5),
                    n_jobs=1)|standardscaler__copy:True|standardscaler__with_mean:True|standardscaler__with_std:True|onevsrestclassifier__estimator__base_estimator__C:1.0|onevsrestclassifier__estimator__base_estimator__class_weight:balanced|onevsrestclassifier__estimator__base_estimator__dual:True|onevsrestclassifier__estimator__base_estimator__fit_intercept:True|onevsrestclassifier__estimator__base_estimator__intercept_scaling:1|onevsrestclassifier__estimator__base_estimator__loss:squared_epsilon_insensitive|onevsrestclassifier__estimator__base_estimator__max_iter:1000.0|onevsrestclassifier__estimator__base_estimator__multi_class:ovr|onevsrestclassifier__estimator__base_estimator__penalty:l2|onevsrestclassifier__estimator__base_estimator__random_state:12345|onevsrestclassifier__estimator__base_estimator__tol:0.0001|onevsrestclassifier__estimator__base_estimator__verbose:0|onevsrestclassifier__estimator__base_estimator:LinearSVC(class_weight='balanced', loss='squared_epsilon_insensitive',
          max_iter=1000.0, random_state=12345)|onevsrestclassifier__estimator__cv:5|onevsrestclassifier__estimator__ensemble:True|onevsrestclassifier__estimator__method:sigmoid|onevsrestclassifier__estimator__n_jobs:None|onevsrestclassifier__estimator:CalibratedClassifierCV(base_estimator=LinearSVC(class_weight='balanced',
                                                loss='squared_epsilon_insensitive',
                                                max_iter=1000.0,
                                                random_state=12345),
                       cv=5)|onevsrestclassifier__n_jobs:1",all,Perception,Perception,2,0.0071980409761572255,0.02172929111480936,0.019046773341252574,0.021259318390764777,0.0211442252207741,0.04392327165113816,0.09248807526745453,-0.004675607157935085,-0.002182036802439436,-0.004247880196232149,-0.003414399136241335,-0.005355381516038016,-0.010883835054304304,-0.010397765278254685,-0.009696834352511481,-0.003678255913499974,-0.005928437001433288,-0.010619830422550961,-0.0032260769135390795,0.007509874340173699,0.0018474322200499778
20,0.6480240446182044,644,same,21,"memory:None|steps:[('standardscaler', StandardScaler()), ('onevsrestclassifier', OneVsRestClassifier(estimator=CalibratedClassifierCV(base_estimator=LinearSVC(class_weight='balanced',
                                                                              loss='squared_epsilon_insensitive',
                                                                              max_iter=1000.0,
                                                                              random_state=12345),
                                                     cv=5),
                    n_jobs=1))]|verbose:False|standardscaler:StandardScaler()|onevsrestclassifier:OneVsRestClassifier(estimator=CalibratedClassifierCV(base_estimator=LinearSVC(class_weight='balanced',
                                                                              loss='squared_epsilon_insensitive',
                                                                              max_iter=1000.0,
                                                                              random_state=12345),
                                                     cv=5),
                    n_jobs=1)|standardscaler__copy:True|standardscaler__with_mean:True|standardscaler__with_std:True|onevsrestclassifier__estimator__base_estimator__C:1.0|onevsrestclassifier__estimator__base_estimator__class_weight:balanced|onevsrestclassifier__estimator__base_estimator__dual:True|onevsrestclassifier__estimator__base_estimator__fit_intercept:True|onevsrestclassifier__estimator__base_estimator__intercept_scaling:1|onevsrestclassifier__estimator__base_estimator__loss:squared_epsilon_insensitive|onevsrestclassifier__estimator__base_estimator__max_iter:1000.0|onevsrestclassifier__estimator__base_estimator__multi_class:ovr|onevsrestclassifier__estimator__base_estimator__penalty:l2|onevsrestclassifier__estimator__base_estimator__random_state:12345|onevsrestclassifier__estimator__base_estimator__tol:0.0001|onevsrestclassifier__estimator__base_estimator__verbose:0|onevsrestclassifier__estimator__base_estimator:LinearSVC(class_weight='balanced', loss='squared_epsilon_insensitive',
          max_iter=1000.0, random_state=12345)|onevsrestclassifier__estimator__cv:5|onevsrestclassifier__estimator__ensemble:True|onevsrestclassifier__estimator__method:sigmoid|onevsrestclassifier__estimator__n_jobs:None|onevsrestclassifier__estimator:CalibratedClassifierCV(base_estimator=LinearSVC(class_weight='balanced',
                                                loss='squared_epsilon_insensitive',
                                                max_iter=1000.0,
                                                random_state=12345),
                       cv=5)|onevsrestclassifier__n_jobs:1",all,Perception,Perception,3,0.006722597409498919,0.017251006933447728,0.012752620836924916,0.0172129555821839,0.020416526795439528,0.0409931002187952,0.09591715021130819,0.000675598069096059,0.004964064423161234,0.0047621827703254035,0.0033250311435754965,0.0009880005252893953,-0.001263058608683864,-0.0014952172266892154,0.0005592444671123435,0.0031437869576816427,0.004292000667478947,-0.006605885829987456,0.00215501334679621,0.011003097677011934,0.007765436290086604
20,0.6480240446182044,644,same,21,"memory:None|steps:[('standardscaler', StandardScaler()), ('onevsrestclassifier', OneVsRestClassifier(estimator=CalibratedClassifierCV(base_estimator=LinearSVC(class_weight='balanced',
                                                                              loss='squared_epsilon_insensitive',
                                                                              max_iter=1000.0,
                                                                              random_state=12345),
                                                     cv=5),
                    n_jobs=1))]|verbose:False|standardscaler:StandardScaler()|onevsrestclassifier:OneVsRestClassifier(estimator=CalibratedClassifierCV(base_estimator=LinearSVC(class_weight='balanced',
                                                                              loss='squared_epsilon_insensitive',
                                                                              max_iter=1000.0,
                                                                              random_state=12345),
                                                     cv=5),
                    n_jobs=1)|standardscaler__copy:True|standardscaler__with_mean:True|standardscaler__with_std:True|onevsrestclassifier__estimator__base_estimator__C:1.0|onevsrestclassifier__estimator__base_estimator__class_weight:balanced|onevsrestclassifier__estimator__base_estimator__dual:True|onevsrestclassifier__estimator__base_estimator__fit_intercept:True|onevsrestclassifier__estimator__base_estimator__intercept_scaling:1|onevsrestclassifier__estimator__base_estimator__loss:squared_epsilon_insensitive|onevsrestclassifier__estimator__base_estimator__max_iter:1000.0|onevsrestclassifier__estimator__base_estimator__multi_class:ovr|onevsrestclassifier__estimator__base_estimator__penalty:l2|onevsrestclassifier__estimator__base_estimator__random_state:12345|onevsrestclassifier__estimator__base_estimator__tol:0.0001|onevsrestclassifier__estimator__base_estimator__verbose:0|onevsrestclassifier__estimator__base_estimator:LinearSVC(class_weight='balanced', loss='squared_epsilon_insensitive',
          max_iter=1000.0, random_state=12345)|onevsrestclassifier__estimator__cv:5|onevsrestclassifier__estimator__ensemble:True|onevsrestclassifier__estimator__method:sigmoid|onevsrestclassifier__estimator__n_jobs:None|onevsrestclassifier__estimator:CalibratedClassifierCV(base_estimator=LinearSVC(class_weight='balanced',
                                                loss='squared_epsilon_insensitive',
                                                max_iter=1000.0,
                                                random_state=12345),
                       cv=5)|onevsrestclassifier__n_jobs:1",all,Perception,Perception,4,0.011239652843083316,0.018229791347646022,0.013449793409175662,0.014718826563387757,0.023346734887687633,0.03938156334841306,0.09530002304683843,-0.0047303914691372234,-0.0007939879872714946,-0.0018732561313178262,-0.0033276389272283604,-0.005018273303537173,-0.0027471425171638306,-0.008393737690967098,-0.006986974087163954,-0.0026420428797542684,0.0014222646095685104,-0.009349843860996724,0.003869867380651991,0.0027757939368622253,0.0022165969891645063
20,0.6480240446182044,644,same,21,"memory:None|steps:[('standardscaler', StandardScaler()), ('onevsrestclassifier', OneVsRestClassifier(estimator=CalibratedClassifierCV(base_estimator=LinearSVC(class_weight='balanced',
                                                                              loss='squared_epsilon_insensitive',
                                                                              max_iter=1000.0,
                                                                              random_state=12345),
                                                     cv=5),
                    n_jobs=1))]|verbose:False|standardscaler:StandardScaler()|onevsrestclassifier:OneVsRestClassifier(estimator=CalibratedClassifierCV(base_estimator=LinearSVC(class_weight='balanced',
                                                                              loss='squared_epsilon_insensitive',
                                                                              max_iter=1000.0,
                                                                              random_state=12345),
                                                     cv=5),
                    n_jobs=1)|standardscaler__copy:True|standardscaler__with_mean:True|standardscaler__with_std:True|onevsrestclassifier__estimator__base_estimator__C:1.0|onevsrestclassifier__estimator__base_estimator__class_weight:balanced|onevsrestclassifier__estimator__base_estimator__dual:True|onevsrestclassifier__estimator__base_estimator__fit_intercept:True|onevsrestclassifier__estimator__base_estimator__intercept_scaling:1|onevsrestclassifier__estimator__base_estimator__loss:squared_epsilon_insensitive|onevsrestclassifier__estimator__base_estimator__max_iter:1000.0|onevsrestclassifier__estimator__base_estimator__multi_class:ovr|onevsrestclassifier__estimator__base_estimator__penalty:l2|onevsrestclassifier__estimator__base_estimator__random_state:12345|onevsrestclassifier__estimator__base_estimator__tol:0.0001|onevsrestclassifier__estimator__base_estimator__verbose:0|onevsrestclassifier__estimator__base_estimator:LinearSVC(class_weight='balanced', loss='squared_epsilon_insensitive',
          max_iter=1000.0, random_state=12345)|onevsrestclassifier__estimator__cv:5|onevsrestclassifier__estimator__ensemble:True|onevsrestclassifier__estimator__method:sigmoid|onevsrestclassifier__estimator__n_jobs:None|onevsrestclassifier__estimator:CalibratedClassifierCV(base_estimator=LinearSVC(class_weight='balanced',
                                                loss='squared_epsilon_insensitive',
                                                max_iter=1000.0,
                                                random_state=12345),
                       cv=5)|onevsrestclassifier__n_jobs:1",all,Perception,Perception,5,0.010444745470632847,0.02264104211884924,0.019599579593968658,0.019733979160875808,0.026186397880339614,0.04206448254534238,0.09892546079650544,-0.0005540269871718892,-0.0011104868462788475,-0.0002983740357837323,-0.0009283832606567092,-0.0038184176069338506,-0.006457809105846973,-0.007035791670955469,-0.005962299514660896,-0.0006447032838070854,0.0014344984667676302,-0.012613986237170407,-0.0016893619964904552,0.006767868480215233,0.004529696125699721
21,0.5881173629050862,650,same,22,"memory:None|steps:[('standardscaler', StandardScaler()), ('onevsrestclassifier', OneVsRestClassifier(estimator=CalibratedClassifierCV(base_estimator=LinearSVC(C=10.0,
                                                                              class_weight='balanced',
                                                                              loss='squared_epsilon_insensitive',
                                                                              max_iter=1000.0,
                                                                              random_state=12345),
                                                     cv=5),
                    n_jobs=1))]|verbose:False|standardscaler:StandardScaler()|onevsrestclassifier:OneVsRestClassifier(estimator=CalibratedClassifierCV(base_estimator=LinearSVC(C=10.0,
                                                                              class_weight='balanced',
                                                                              loss='squared_epsilon_insensitive',
                                                                              max_iter=1000.0,
                                                                              random_state=12345),
                                                     cv=5),
                    n_jobs=1)|standardscaler__copy:True|standardscaler__with_mean:True|standardscaler__with_std:True|onevsrestclassifier__estimator__base_estimator__C:10.0|onevsrestclassifier__estimator__base_estimator__class_weight:balanced|onevsrestclassifier__estimator__base_estimator__dual:True|onevsrestclassifier__estimator__base_estimator__fit_intercept:True|onevsrestclassifier__estimator__base_estimator__intercept_scaling:1|onevsrestclassifier__estimator__base_estimator__loss:squared_epsilon_insensitive|onevsrestclassifier__estimator__base_estimator__max_iter:1000.0|onevsrestclassifier__estimator__base_estimator__multi_class:ovr|onevsrestclassifier__estimator__base_estimator__penalty:l2|onevsrestclassifier__estimator__base_estimator__random_state:12345|onevsrestclassifier__estimator__base_estimator__tol:0.0001|onevsrestclassifier__estimator__base_estimator__verbose:0|onevsrestclassifier__estimator__base_estimator:LinearSVC(C=10.0, class_weight='balanced', loss='squared_epsilon_insensitive',
          max_iter=1000.0, random_state=12345)|onevsrestclassifier__estimator__cv:5|onevsrestclassifier__estimator__ensemble:True|onevsrestclassifier__estimator__method:sigmoid|onevsrestclassifier__estimator__n_jobs:None|onevsrestclassifier__estimator:CalibratedClassifierCV(base_estimator=LinearSVC(C=10.0, class_weight='balanced',
                                                loss='squared_epsilon_insensitive',
                                                max_iter=1000.0,
                                                random_state=12345),
                       cv=5)|onevsrestclassifier__n_jobs:1",all,Perception,Perception,1,0.01327168417636167,0.03455319305662315,0.009327850616898002,0.022361929399667926,0.017397205279569325,0.03248037770290794,0.10495626131651516,-0.005421594595000195,-0.0031625586765161324,-0.0031707188426598723,-0.004643140433569459,-0.004872545225639822,0.0017970334225802277,-0.0008495673742047202,-0.004751512954945675,-0.0024661222021564125,0.007387441912991482,-0.012678964179047807,-0.012867330220039648,0.0009247557432275062,-0.0010049462282690233
21,0.5881173629050862,650,same,22,"memory:None|steps:[('standardscaler', StandardScaler()), ('onevsrestclassifier', OneVsRestClassifier(estimator=CalibratedClassifierCV(base_estimator=LinearSVC(C=10.0,
                                                                              class_weight='balanced',
                                                                              loss='squared_epsilon_insensitive',
                                                                              max_iter=1000.0,
                                                                              random_state=12345),
                                                     cv=5),
                    n_jobs=1))]|verbose:False|standardscaler:StandardScaler()|onevsrestclassifier:OneVsRestClassifier(estimator=CalibratedClassifierCV(base_estimator=LinearSVC(C=10.0,
                                                                              class_weight='balanced',
                                                                              loss='squared_epsilon_insensitive',
                                                                              max_iter=1000.0,
                                                                              random_state=12345),
                                                     cv=5),
                    n_jobs=1)|standardscaler__copy:True|standardscaler__with_mean:True|standardscaler__with_std:True|onevsrestclassifier__estimator__base_estimator__C:10.0|onevsrestclassifier__estimator__base_estimator__class_weight:balanced|onevsrestclassifier__estimator__base_estimator__dual:True|onevsrestclassifier__estimator__base_estimator__fit_intercept:True|onevsrestclassifier__estimator__base_estimator__intercept_scaling:1|onevsrestclassifier__estimator__base_estimator__loss:squared_epsilon_insensitive|onevsrestclassifier__estimator__base_estimator__max_iter:1000.0|onevsrestclassifier__estimator__base_estimator__multi_class:ovr|onevsrestclassifier__estimator__base_estimator__penalty:l2|onevsrestclassifier__estimator__base_estimator__random_state:12345|onevsrestclassifier__estimator__base_estimator__tol:0.0001|onevsrestclassifier__estimator__base_estimator__verbose:0|onevsrestclassifier__estimator__base_estimator:LinearSVC(C=10.0, class_weight='balanced', loss='squared_epsilon_insensitive',
          max_iter=1000.0, random_state=12345)|onevsrestclassifier__estimator__cv:5|onevsrestclassifier__estimator__ensemble:True|onevsrestclassifier__estimator__method:sigmoid|onevsrestclassifier__estimator__n_jobs:None|onevsrestclassifier__estimator:CalibratedClassifierCV(base_estimator=LinearSVC(C=10.0, class_weight='balanced',
                                                loss='squared_epsilon_insensitive',
                                                max_iter=1000.0,
                                                random_state=12345),
                       cv=5)|onevsrestclassifier__n_jobs:1",all,Perception,Perception,2,0.000782343563586794,0.02401266594733721,0.022624768101369715,0.017627705967365914,0.019787478062272993,0.048049969772768444,0.09925762719021568,-0.004359217747090419,0.0033422074258370625,-0.008304572459176708,-0.024779761974120705,-0.010345335020853674,8.758957354102447e-06,-0.0042857281494121215,-0.011043995340948078,0.009899690568853788,-0.006896816475265681,-0.013130586630965942,0.004823437006457019,0.0035364877244710657,0.0062749933774865225
21,0.5881173629050862,650,same,22,"memory:None|steps:[('standardscaler', StandardScaler()), ('onevsrestclassifier', OneVsRestClassifier(estimator=CalibratedClassifierCV(base_estimator=LinearSVC(C=10.0,
                                                                              class_weight='balanced',
                                                                              loss='squared_epsilon_insensitive',
                                                                              max_iter=1000.0,
                                                                              random_state=12345),
                                                     cv=5),
                    n_jobs=1))]|verbose:False|standardscaler:StandardScaler()|onevsrestclassifier:OneVsRestClassifier(estimator=CalibratedClassifierCV(base_estimator=LinearSVC(C=10.0,
                                                                              class_weight='balanced',
                                                                              loss='squared_epsilon_insensitive',
                                                                              max_iter=1000.0,
                                                                              random_state=12345),
                                                     cv=5),
                    n_jobs=1)|standardscaler__copy:True|standardscaler__with_mean:True|standardscaler__with_std:True|onevsrestclassifier__estimator__base_estimator__C:10.0|onevsrestclassifier__estimator__base_estimator__class_weight:balanced|onevsrestclassifier__estimator__base_estimator__dual:True|onevsrestclassifier__estimator__base_estimator__fit_intercept:True|onevsrestclassifier__estimator__base_estimator__intercept_scaling:1|onevsrestclassifier__estimator__base_estimator__loss:squared_epsilon_insensitive|onevsrestclassifier__estimator__base_estimator__max_iter:1000.0|onevsrestclassifier__estimator__base_estimator__multi_class:ovr|onevsrestclassifier__estimator__base_estimator__penalty:l2|onevsrestclassifier__estimator__base_estimator__random_state:12345|onevsrestclassifier__estimator__base_estimator__tol:0.0001|onevsrestclassifier__estimator__base_estimator__verbose:0|onevsrestclassifier__estimator__base_estimator:LinearSVC(C=10.0, class_weight='balanced', loss='squared_epsilon_insensitive',
          max_iter=1000.0, random_state=12345)|onevsrestclassifier__estimator__cv:5|onevsrestclassifier__estimator__ensemble:True|onevsrestclassifier__estimator__method:sigmoid|onevsrestclassifier__estimator__n_jobs:None|onevsrestclassifier__estimator:CalibratedClassifierCV(base_estimator=LinearSVC(C=10.0, class_weight='balanced',
                                                loss='squared_epsilon_insensitive',
                                                max_iter=1000.0,
                                                random_state=12345),
                       cv=5)|onevsrestclassifier__n_jobs:1",all,Perception,Perception,3,0.018591219764236645,0.02172413923216581,0.01398731635536215,0.0019011845278481374,0.017328485897432227,0.040848313031309674,0.0897749233547535,0.003713907387380831,-0.005384094604399535,-0.005738851699627083,0.0135476455728363,-0.0005034198708258753,-0.0015808511328991447,0.006054199710179519,0.016940430192374952,0.0171198432050794,0.02552885903928789,-0.003889535632856111,-0.013090317413690484,0.008561686054759474,0.013763176497911138
21,0.5881173629050862,650,same,22,"memory:None|steps:[('standardscaler', StandardScaler()), ('onevsrestclassifier', OneVsRestClassifier(estimator=CalibratedClassifierCV(base_estimator=LinearSVC(C=10.0,
                                                                              class_weight='balanced',
                                                                              loss='squared_epsilon_insensitive',
                                                                              max_iter=1000.0,
                                                                              random_state=12345),
                                                     cv=5),
                    n_jobs=1))]|verbose:False|standardscaler:StandardScaler()|onevsrestclassifier:OneVsRestClassifier(estimator=CalibratedClassifierCV(base_estimator=LinearSVC(C=10.0,
                                                                              class_weight='balanced',
                                                                              loss='squared_epsilon_insensitive',
                                                                              max_iter=1000.0,
                                                                              random_state=12345),
                                                     cv=5),
                    n_jobs=1)|standardscaler__copy:True|standardscaler__with_mean:True|standardscaler__with_std:True|onevsrestclassifier__estimator__base_estimator__C:10.0|onevsrestclassifier__estimator__base_estimator__class_weight:balanced|onevsrestclassifier__estimator__base_estimator__dual:True|onevsrestclassifier__estimator__base_estimator__fit_intercept:True|onevsrestclassifier__estimator__base_estimator__intercept_scaling:1|onevsrestclassifier__estimator__base_estimator__loss:squared_epsilon_insensitive|onevsrestclassifier__estimator__base_estimator__max_iter:1000.0|onevsrestclassifier__estimator__base_estimator__multi_class:ovr|onevsrestclassifier__estimator__base_estimator__penalty:l2|onevsrestclassifier__estimator__base_estimator__random_state:12345|onevsrestclassifier__estimator__base_estimator__tol:0.0001|onevsrestclassifier__estimator__base_estimator__verbose:0|onevsrestclassifier__estimator__base_estimator:LinearSVC(C=10.0, class_weight='balanced', loss='squared_epsilon_insensitive',
          max_iter=1000.0, random_state=12345)|onevsrestclassifier__estimator__cv:5|onevsrestclassifier__estimator__ensemble:True|onevsrestclassifier__estimator__method:sigmoid|onevsrestclassifier__estimator__n_jobs:None|onevsrestclassifier__estimator:CalibratedClassifierCV(base_estimator=LinearSVC(C=10.0, class_weight='balanced',
                                                loss='squared_epsilon_insensitive',
                                                max_iter=1000.0,
                                                random_state=12345),
                       cv=5)|onevsrestclassifier__n_jobs:1",all,Perception,Perception,4,0.01665432090812039,0.02031997404482025,0.0142183462560052,0.00940975384355414,0.010883846835863168,0.035672745313122534,0.10359452048411308,-0.004265557725441703,0.013233787813631166,-0.0036333718247223545,-0.0014813373597146226,-0.0006459390079458043,0.004409093806508391,-0.006560543706501486,-0.0026394893600868107,0.015894310560917422,0.015521697976172496,-0.0007715917933607859,-0.0026877826941076855,-0.0058308680009200985,-0.011891327994098614
21,0.5881173629050862,650,same,22,"memory:None|steps:[('standardscaler', StandardScaler()), ('onevsrestclassifier', OneVsRestClassifier(estimator=CalibratedClassifierCV(base_estimator=LinearSVC(C=10.0,
                                                                              class_weight='balanced',
                                                                              loss='squared_epsilon_insensitive',
                                                                              max_iter=1000.0,
                                                                              random_state=12345),
                                                     cv=5),
                    n_jobs=1))]|verbose:False|standardscaler:StandardScaler()|onevsrestclassifier:OneVsRestClassifier(estimator=CalibratedClassifierCV(base_estimator=LinearSVC(C=10.0,
                                                                              class_weight='balanced',
                                                                              loss='squared_epsilon_insensitive',
                                                                              max_iter=1000.0,
                                                                              random_state=12345),
                                                     cv=5),
                    n_jobs=1)|standardscaler__copy:True|standardscaler__with_mean:True|standardscaler__with_std:True|onevsrestclassifier__estimator__base_estimator__C:10.0|onevsrestclassifier__estimator__base_estimator__class_weight:balanced|onevsrestclassifier__estimator__base_estimator__dual:True|onevsrestclassifier__estimator__base_estimator__fit_intercept:True|onevsrestclassifier__estimator__base_estimator__intercept_scaling:1|onevsrestclassifier__estimator__base_estimator__loss:squared_epsilon_insensitive|onevsrestclassifier__estimator__base_estimator__max_iter:1000.0|onevsrestclassifier__estimator__base_estimator__multi_class:ovr|onevsrestclassifier__estimator__base_estimator__penalty:l2|onevsrestclassifier__estimator__base_estimator__random_state:12345|onevsrestclassifier__estimator__base_estimator__tol:0.0001|onevsrestclassifier__estimator__base_estimator__verbose:0|onevsrestclassifier__estimator__base_estimator:LinearSVC(C=10.0, class_weight='balanced', loss='squared_epsilon_insensitive',
          max_iter=1000.0, random_state=12345)|onevsrestclassifier__estimator__cv:5|onevsrestclassifier__estimator__ensemble:True|onevsrestclassifier__estimator__method:sigmoid|onevsrestclassifier__estimator__n_jobs:None|onevsrestclassifier__estimator:CalibratedClassifierCV(base_estimator=LinearSVC(C=10.0, class_weight='balanced',
                                                loss='squared_epsilon_insensitive',
                                                max_iter=1000.0,
                                                random_state=12345),
                       cv=5)|onevsrestclassifier__n_jobs:1",all,Perception,Perception,5,-0.0007999517263431633,0.01620671537739563,0.0276057771585912,0.009960113024427753,0.016991604593224505,0.04843861903397095,0.08669243912407713,0.000622004205240592,-0.0020843825180351548,0.001089373322057497,0.004399253665571808,0.0019787162196678383,0.001058525747354302,-0.003967108265120699,-0.008341058397209406,0.00159549686117418,-0.0013190806333698906,-0.004656022594830174,0.00017191510946669062,-0.002426435286364632,-0.002298409523947718
